t,x,y,z,dx,dy,dz
0.0,1.10286609841308,0.0,0.0,0.0,0.259155907029058,0.0
0.005568749767891562,1.1028648643122467,0.0014431210315985906,0.0,-0.00044309554131765846,0.25912715918078033,0.0
0.011342421856731857,1.1028609833438512,0.0029390047912677734,0.0,-0.0009008541268192617,0.2590366860785892,0.0
0.01804935468366038,1.1028531694146968,0.0046757809382456175,0.0,-0.0014282736304409014,0.258854214947161,0.0
0.025223490779710058,1.1028409220044368,0.006531863841957821,0.0,-0.0019844105685977408,0.2585673635228496,0.0
0.03293561561574928,1.1028233524058948,0.008524443370386645,0.0,-0.0025694175488311993,0.2581540195218243,0.0
0.04106933290964679,1.102800005569841,0.010622028258080446,0.0,-0.0031677889927589475,0.25760133046402184,0.0
0.04956397278751183,1.102770528991861,0.012807361274618593,0.0,-0.0037675692932702828,0.25689777418722254,0.0
0.05832532828450307,1.1027349246796412,0.015054470003949324,0.0,-0.004354167068909874,0.25603905811600775,0.0
0.06732742294943381,1.1026931598243084,0.017354869161520216,0.0,-0.004917692610081639,0.25501874871608443,0.0
0.07651129789639254,1.1026455313256993,0.019691610581871348,0.0,-0.005446270680240108,0.25383704525294726,0.0
0.08583083617166505,1.1025924792084847,0.022051116726699842,0.0,-0.005929520370119987,0.25249643252612985,0.0
0.09526294302258455,1.1025344767789649,0.024425737378612925,0.0,-0.006359018346479371,0.25099898572035123,0.0
0.1047709465281483,1.1024722141725174,0.02680451101014073,0.0,-0.006726543846516425,0.24935119894133362,0.0
0.11434844007649247,1.1024062984538516,0.029184181247241404,0.0,-0.007025995679949529,0.2475563147267164,0.0
0.12397142165124941,1.1023375405114477,0.03155720723028456,0.0,-0.0072514762504624726,0.24562204200779877,0.0
0.13363549306781347,1.1022666859523902,0.033921019830614775,0.0,-0.007398511938687615,0.24355341196784505,0.0
0.14332963057346418,1.1021945820153694,0.036271511646312274,0.0,-0.00746325279665318,0.24135750249258758,0.0
0.153052545767472,1.1021220472671303,0.03860703355827483,0.0,-0.007442690216365209,0.23903975191337504,0.0
0.1628024161660679,1.1020499380161433,0.04092586206364327,0.0,-0.007334405695623532,0.2366059279924379,0.0
0.1725822392567046,1.1019791035204234,0.0432274623982799,0.0,-0.007136461924602085,0.23406067752689838,0.0
0.18239092269814375,1.1019104473530001,0.0455103659586906,0.0,-0.006847476207010374,0.23140968514133203,0.0
0.1922334041460716,1.1018448519965853,0.04777453819406976,0.0,-0.006466356099051311,0.2286569580030743,0.0
0.20211595874612232,1.101783215413893,0.05002023456193129,0.0,-0.0059922497350646834,0.22580589546289018,0.0
0.21204527158245895,1.101726459758355,0.052247769531844956,0.0,-0.005424523425201983,0.2228595063249827,0.0
0.2220221204181839,1.1016755641096696,0.05445611594564513,0.0,-0.004763174248166261,0.21982234099257383,0.0
0.23205597222090713,1.1016314854668339,0.05664615440812552,0.0,-0.004007916122279658,0.21669610215883198,0.0
0.24215422263929898,1.101595225982031,0.05881823581378483,0.0,-0.0031587302858860945,0.21348280126627714,0.0
0.25232026236450233,1.10156783205143,0.060971800925653005,0.0,-0.0022161358133509735,0.21018547352370126,0.0
0.26256643402115665,1.101550360930462,0.06310812141975734,0.0,-0.0011799856396596405,0.20680398702896388,0.0
0.2728982184385454,1.1015439309887953,0.06522692650986679,0.0,-5.088425505210809e-5,0.20334015238867945,0.0
0.2833241672558118,1.1015496986065652,0.06732849902678567,0.0,0.001170737117049636,0.19979451238195498,0.0
0.2938467666319895,1.1015688563778208,0.06941182315310411,0.0,0.002483566277749221,0.196169446270297,0.0
0.3044886994789452,1.1016026960633156,0.07147974454187392,0.0,0.0038887485479848446,0.19246009776233095,0.0
0.31524276398427087,1.1016524877157974,0.07352913690307035,0.0,0.005383454838704742,0.18867173955668476,0.0
0.32613258173499515,1.1017196816656427,0.07556268102648125,0.0,0.00696889402456509,0.1847986265466225,0.0
0.3371580334433083,1.1018056836135777,0.07757839385635562,0.0,0.00864284347786842,0.18084315973553589,0.0
0.3483262957184512,1.1019119841979028,0.07957557596525827,0.0,0.010403887149088258,0.17680499434761054,0.0
0.35965710809643514,1.102040285467688,0.08155557096483915,0.0,0.012252499581309055,0.1726790135246875,0.0
0.37115046637718657,1.1021921645894086,0.08351605246776485,0.0,0.014185829553032743,0.16846706976623688,0.0
0.3828235676900051,1.1023694840062979,0.08545749671517337,0.0,0.016203665372269947,0.16416456195848872,0.0
0.3946852091857747,1.1025740970329136,0.08737871466159813,0.0,0.018304214116012043,0.15976977711230528,0.0
0.4067377356543294,1.102807803323855,0.08927732726638053,0.0,0.020484251122344213,0.1552832561176653,0.0
0.41900428781865295,1.1030728953190203,0.09115401151506472,0.0,0.02274405975237963,0.1506976429460053,0.0
0.4314902177882655,1.103371427378871,0.09300637754075285,0.0,0.025080447208126386,0.14601204593675038,0.0
0.44420757684527107,1.1037056834691195,0.0948328296026325,0.0,0.027491128776409753,0.1412229384834587,0.0
0.4571642921669257,1.1040779304411994,0.09663092122570652,0.0,0.02997269787725136,0.13632821920981247,0.0
0.47038458547961665,1.104491027889867,0.0984001270974623,0.0,0.03252451557527905,0.1313194991448446,0.0
0.483871510309199,1.1049473192532977,0.10013668958475683,0.0,0.03514147307836838,0.12619628132031535,0.0
0.49764164678999667,1.1054496638133113,0.10183834211631854,0.0,0.03782061750684528,0.12095285134338458,0.0
0.5117057780806652,1.1060008266868497,0.10350170945538527,0.0,0.040557385035704704,0.11558561324040101,0.0
0.5260870538227165,1.1066041801739446,0.1051244464302214,0.0,0.0433490783468079,0.11008617918009146,0.0
0.5407855270384497,1.1072622311022298,0.1067011722415006,0.0,0.04618793107631472,0.10445494481306632,0.0
0.5558175710599994,1.1079782153031776,0.10822799626263747,0.0,0.04906873115404173,0.0986860521057076,0.0
0.571210549029148,1.108756039669884,0.1097015424297541,0.0,0.05198765307038102,0.09276941330390158,0.0
0.5869660376231427,1.1095984088140864,0.11111540566515812,0.0,0.05493521424412201,0.08670488167235589,0.0
0.6030883550537701,1.1105080782170837,0.11246321087209372,0.0,0.057901785578310966,0.08049135485881583,0.0
0.6195954757450178,1.1114885349332595,0.11373933519119946,0.0,0.06087950263069449,0.07412259262512429,0.0
0.6364917673023844,1.1125424342556576,0.11493661690871068,0.0,0.06385722387356298,0.06759777116818375,0.0
0.653787823506506,1.1136726943374724,0.11604799506773211,0.0,0.06682415169509008,0.06091389284385156,0.0
0.6714630261161488,1.1148799452597198,0.11706427143278107,0.0,0.06976354542670095,0.05408031502441991,0.0
0.6895250680961369,1.11616636665572,0.1179779956237742,0.0,0.07266301183388649,0.04709580534807897,0.0
0.7079588342369971,1.1175322089449926,0.11878045274593,0.0,0.0755060034034702,0.03996835701737945,0.0
0.726751509188595,1.118977406838536,0.11946331365312753,0.0,0.07827623095466613,0.032705535954596486,0.0
0.7459105500082084,1.1205030466012975,0.1200190386954933,0.0,0.08096013793937185,0.025307594826307185,0.0
0.7653789865925803,1.122104535403377,0.12043864024872526,0.0,0.0835353232345525,0.01780021535333061,0.0
0.7851628504347254,1.1237817312185236,0.12071544462273705,0.0,0.08598854119384196,0.010185335498012413,0.0
0.8052101433736498,1.1255290343783326,0.12084244062973562,0.0,0.08829976947771431,0.0024878268123871743,0.0
0.8255283259217285,1.1273453599798404,0.12081393100254524,0.0,0.09045684985468325,-0.0052897047411534955,0.0
0.8460689958745766,1.1292241357030632,0.12062477408309057,0.0,0.09244225814729697,-0.013122649503435717,0.0
0.8668547055792127,1.1311647241378784,0.12026994038588135,0.0,0.09424628364824858,-0.021012870543445885,0.0
0.8878367440809246,1.1331594432328795,0.11974586017957016,0.0,0.0958533952029708,-0.028934496219511975,0.0
0.9090215507951573,1.1352053091689474,0.1190486093889013,0.0,0.09725367996251247,-0.036881982471319456,0.0
0.9303916970292951,1.1372966831130595,0.11817529057362104,0.0,0.09843606609066818,-0.04484014008996936,0.0
0.9519182949475518,1.1394263750380733,0.11712434972431379,0.0,0.0993901488885484,-0.05278904698207078,0.0
0.9735761936894608,1.141587164645197,0.11589512970038228,0.0,0.10010732872118122,-0.060709843745661324,0.0
0.9953826235045595,1.143775769943655,0.11448508579038769,0.0,0.10058129944048579,-0.06859866564177594,0.0
1.0172994095870838,1.1459831059665262,0.11289560816442297,0.0,0.10080522765632038,-0.07643105597528284,0.0
1.0393307040662734,1.1482041066567754,0.11112597503756137,0.0,0.10077429152803473,-0.08419749909421949,0.0
1.061451527956913,1.1504305907217773,0.1091782828108305,0.0,0.10048461570348322,-0.09187782210079394,0.0
1.0836662110145296,1.1526571826321659,0.10705275909968243,0.0,0.09993321658806038,-0.09946184176990626,0.0
1.1059599408476524,1.1548764691555176,0.1047518384112473,0.0,0.09911837016749901,-0.10693247180604432,0.0
1.128336085735025,1.157082764292184,0.10227661931779697,0.0,0.09803874103045093,-0.11427851945586705,0.0
1.1507786650204888,1.159268412336455,0.09963076213084045,0.0,0.09669481243036084,-0.12148219747270951,0.0
1.1732935597616212,1.1614278690720992,0.09681589092181238,0.0,0.09508684877074873,-0.12853265756167806,0.0
1.1958713871581796,1.1635540954514711,0.09383585327519513,0.0,0.0932169475147599,-0.1354140128614688,0.0
1.218512221754426,1.1656409741676945,0.09069373770430912,0.0,0.09108746197465227,-0.14211324504321587,0.0
1.2412244978430629,1.1676831420424858,0.08739171945652056,0.0,0.08870061142432083,-0.1486195292002448,0.0
1.2640083452709538,1.1696744643652743,0.08393338536305119,0.0,0.08606007654503002,-0.15491933001310357,0.0
1.2868616301833395,1.1716086560269952,0.0803230376347836,0.0,0.08317068015223297,-0.1609984271619676,0.0
1.309806697810542,1.1734814779681102,0.07656130374973863,0.0,0.08003473396138308,-0.16684876226364131,0.0
1.33282747902986,1.1752855295259845,0.07265529559925224,0.0,0.07666038180670474,-0.17245212527926174,0.0
1.3559485458477685,1.1770166868189682,0.06860564058484687,0.0,0.07305078686087074,-0.17780026614102357,0.0
1.3791756804161155,1.1786692707698414,0.0644162791229113,0.0,0.06921235384719908,-0.1828798157038956,0.0
1.4025320765585132,1.180238757096104,0.060088190947477534,0.0,0.06514919620707743,-0.18768068484140527,0.0
1.4260252566455094,1.1817194047173942,0.055625380113107296,0.0,0.06086864000706254,-0.19218878331360278,0.0
1.44967069784035,1.1831059197828042,0.05103063655484173,0.0,0.056377365293985515,-0.19639114290531523,0.0
1.473511068962932,1.184394279812609,0.04630155547526851,0.0,0.051677326405075164,-0.20027837018369327,0.0
1.4975548748676248,1.1855782016017518,0.04144261339929776,0.0,0.04677768377894551,-0.20383397544327628,0.0
1.521852895316532,1.186653153519796,0.03645003943847936,0.0,0.041679801100128804,-0.2070464885468648,0.0
1.5464209040855024,1.1876124547177236,0.031327469974761143,0.0,0.03639306819279914,-0.20989774478703208,0.0
1.5713477798697446,1.1884515324623128,0.026063617483597975,0.0,0.030912025158393395,-0.21237557013235625,0.0
1.5966845719399263,1.1891630834353755,0.020655372113324737,0.0,0.025240206696017953,-0.2144593594654827,0.0
1.6225175673442387,1.1897395071433916,0.015092703101732543,0.0,0.019374698600209215,-0.21612728620214514,0.0
1.649015575987813,1.1901724664577518,0.00934841251696711,0.0,0.013295371670876199,-0.21735479093114154,0.0
1.6763606130279909,1.1904497625805288,0.0033933792137981382,0.0,0.0069813275569358966,-0.21810530198513975,0.0
1.7050090543968075,1.1905548077620471,-0.002859561587947776,0.0,0.000352254160199717,-0.21832773908885691,0.0
1.7355892717847239,1.190457587331508,-0.00953164976046639,0.0,-0.006704156258362362,-0.21792934300022476,0.0
1.7662123352185897,1.1901447849782885,-0.01619085047199181,0.0,-0.013712091585838625,-0.21687606485944094,0.0
1.7955937917451734,1.1896441969369858,-0.02254063812114504,0.0,-0.02034535212107884,-0.21525606154522028,0.0
1.824459717419213,1.1889642485916043,-0.028724315770928273,0.0,-0.02674314523507848,-0.21309136317061433,0.0
1.852593568687122,1.1881257952297202,-0.03468339428120627,0.0,-0.03283551809311346,-0.21044454875643998,0.0
1.880184921681796,1.187139252724657,-0.04044821439548827,0.0,-0.03864622137184207,-0.20734475165479233,0.0
1.9072191083548544,1.1860195546937466,-0.04600721205933093,0.0,-0.044157506808197224,-0.20383526660173984,0.0
1.9337919584907786,1.1847763579172372,-0.05137293535504715,0.0,-0.049377006226187854,-0.19994267644336425,0.0
1.959920257586305,1.183421454796627,-0.05654255337707301,0.0,-0.05429805965072451,-0.19570012551383353,0.0
1.9856789753944348,1.1819627012908591,-0.06152546995380128,0.0,-0.05892650258993584,-0.19112828354429356,0.0
2.0111035073233063,1.1804089078559026,-0.06632356461282321,0.0,-0.06326143937003306,-0.1862506418925036,0.0
2.036244733593373,1.178767083979837,-0.07094189537911218,0.0,-0.0673052527875454,-0.18108485216940032,0.0
2.0611230182109,1.1770454604330913,-0.07538004500933414,0.0,-0.07105581553758458,-0.17565220436949508,0.0
2.0857908203530715,1.1752494486231273,-0.07964345213529987,0.0,-0.07451624188663522,-0.16996487279381475,0.0
2.1102690142100577,1.1733860935270872,-0.08373192592797515,0.0,-0.07768505303854265,-0.164039933198117,0.0
2.134590369281718,1.1714611384829858,-0.08764732898504539,0.0,-0.08056259862695918,-0.15789006701221434,0.0
2.1587771573481747,1.169480758991872,-0.09138973409533013,0.0,-0.08314796787003627,-0.15152903873846657,0.0
2.182849866125326,1.1674510026658675,-0.09495894225859565,0.0,-0.08544023498475552,-0.14496991069780052,0.0
2.2068304104062384,1.165377562834428,-0.09835492514934802,0.0,-0.08743870557198624,-0.13822428598741648,0.0
2.230722507994489,1.1632675496675824,-0.10157514594048896,0.0,-0.08914145926195954,-0.13130808604553135,0.0
2.2545626829550027,1.1611250403366198,-0.10462148885220772,0.0,-0.09054908444540373,-0.12422696698629646,0.0
2.2783534486893697,1.15895700959033,-0.1074912374208609,0.0,-0.09165989147316846,-0.11699573998101245,0.0
2.3021105547043117,1.1567691862608418,-0.11018344385364576,0.0,-0.09247328674477508,-0.109624778061848,0.0
2.325835611607247,1.1545685521430935,-0.11269562506874395,0.0,-0.09298848780723687,-0.10212835830981352,0.0
2.349551944343907,1.1523600434048085,-0.1150276623381869,0.0,-0.09320548143320899,-0.09451346567238451,0.0
2.373247682978064,1.1501518454061035,-0.11717601451662192,0.0,-0.09312418726328,-0.08679795942279375,0.0
2.3969518243788084,1.1479483232761107,-0.11914107073373657,0.0,-0.0927449565335182,-0.0789861213452532,0.0
2.420643185362398,1.1457584899150768,-0.12091906879205845,0.0,-0.09206916293064753,-0.07109837866230018,0.0
2.444345996408696,1.1435871226017444,-0.12251010008902584,0.0,-0.09109781452644973,-0.06313986729591073,0.0
2.4680390392684193,1.1414431333275659,-0.12391128818597845,0.0,-0.08983413473568587,-0.055130641458285785,0.0
2.4917405439027203,1.139331774792259,-0.1251225975129748,0.0,-0.08828026695643787,-0.04707721581796724,0.0
2.5154410951015405,1.1372607251275695,-0.12614262400522086,0.0,-0.08644048264126342,-0.03899515838228771,0.0
2.539133494819323,1.135237311908837,-0.12697062601308898,0.0,-0.08431999209776123,-0.030899025846916398,0.0
2.5628043965353022,1.1332691811697262,-0.12760623797212772,0.0,-0.08192569103222984,-0.022805169221161947,0.0
2.586442920905478,1.1313634968353894,-0.12804983752901042,0.0,-0.0792654714395116,-0.014728739681557043,0.0
2.61002249870248,1.1295283122889128,-0.12830231311119505,0.0,-0.07635039236468175,-0.0066898221262897874,0.0
2.633534650119957,1.1277698078456724,-0.1283656329136025,0.0,-0.07319075759549015,0.0012981655491541534,0.0
2.656898648002912,1.1260988266340834,-0.1282429340870464,0.0,-0.06980862900176243,0.009197945327942948,0.0
2.680129849305771,1.124518398842962,-0.1279384639344612,0.0,-0.06621444985440122,0.01700557524006506,0.0
2.7031551378437597,1.1230369131803644,-0.1274583435078247,0.0,-0.0624333704318313,0.02468813902517783,0.0
2.725929359078411,1.1216595845658583,-0.12681015822036443,0.0,-0.058488501248996815,0.032223303018533746,0.0
2.74839518943432,1.120391096578205,-0.1260033919887377,0.0,-0.05440681193785155,0.03958596583655094,0.0
2.770508236088943,1.1192340388522015,-0.12504859600074172,0.0,-0.050214453524724395,0.04675664647049318,0.0
2.792238481837173,1.1181890799857819,-0.12395673256942541,0.0,-0.04593563694212432,0.05372178444094273,0.0
2.8135534886472158,1.1172559753732911,-0.12273959545415251,0.0,-0.04159532991516992,0.06046819748050641,0.0
2.8344528152785684,1.1164322558225168,-0.12140750064489411,0.0,-0.03721177670627717,0.06699379560641162,0.0
2.8549188503562783,1.1157155791258822,-0.11997179406291884,0.0,-0.032806127467858624,0.07329182095695748,0.0
2.8749561498111538,1.1151022810811921,-0.11844223657620519,0.0,-0.028394033927434278,0.0793630119797121,0.0
2.8945806528983584,1.114588169912325,-0.11682722418133923,0.0,-0.02398749637763558,0.0852118282184995,0.0
2.9137969277562794,1.114169268398082,-0.1151355363131208,0.0,-0.019599886036322414,0.09083948099081286,0.0
2.93262038922524,1.1138412676958922,-0.11337453320408555,0.0,-0.015240989413928766,0.09625049282830783,0.0
2.951076454550437,1.1135998104952165,-0.1115499642433475,0.0,-0.010917067256442986,0.10145210851523447,0.0
2.969169987604928,1.1134409396799028,-0.10966899925586225,0.0,-0.006638062494952243,0.1064455989848384,0.0
2.986938199184209,1.1133605587955229,-0.10773488523192697,0.0,-0.0024052117273543274,0.11124093892883824,0.0
3.004394275896776,1.113355036597142,-0.10575273993332786,0.0,0.0017755962428486626,0.11584107319471439,0.0
3.021563106361377,1.113420930175972,-0.10372585528395464,0.0,0.005902200922736264,0.12025169173637239,0.0
3.0384762077564393,1.1135551898184406,-0.10165610455100399,0.0,0.009974929856992316,0.1244795415532796,0.0
3.0551624528583856,1.1137551703196167,-0.09954504392926636,0.0,0.013994287807694314,0.1285299092169973,0.0
3.071637030639732,1.114018382142309,-0.09739547988627924,0.0,0.017958220291863163,0.1324040914779591,0.0
3.087930183905221,1.1143428536858746,-0.09520785972499383,0.0,0.021868981815856562,0.1361062899099493,0.0
3.1040664397640425,1.1147268945804572,-0.0929829305229162,0.0,0.02572808430969688,0.1396384897170206,0.0
3.120070444613332,1.1151691575486082,-0.09072105077740854,0.0,0.029537665920459383,0.1430018317257443,0.0
3.1359588692683893,1.1156683718796578,-0.08842341207850551,0.0,0.03329855402052084,0.14619495516139244,0.0
3.1517616841661686,1.1162239833311567,-0.08608902563252376,0.0,0.03701530034009401,0.14921829027520886,0.0
3.1674953435613826,1.1168353115625358,-0.083718638026584,0.0,0.04068983471924282,0.1520686214335605,0.0
3.183181298515863,1.1175021242212155,-0.08131209855769837,0.0,0.044325862953543814,0.15474278471852002,0.0
3.1988321537837177,1.1182240687702978,-0.07887050225903813,0.0,0.04792567499839311,0.15723523262605738,0.0
3.214458658586193,1.1190008791318151,-0.07639521542667628,0.0,0.051491844686588586,0.1595395088390106,0.0
3.2300598326430023,1.1198318079189193,-0.07388951463625165,0.0,0.05502505324137074,0.16164710303034568,0.0
3.2456134175013935,1.1207148718386613,-0.07136028020667834,0.0,0.05852207493641974,0.1635471508648875,0.0
3.2611226266162254,1.1216493943929717,-0.06881044648391846,0.0,0.06198634203733626,0.16523275710287486,0.0
3.2765514548515697,1.1226322310116912,-0.06624954566263887,0.0,0.06541340514906976,0.16669373711906746,0.0
3.2918841445872107,1.1236612054814115,-0.0636839637551828,0.0,0.06880419390763065,0.16792391760916206,0.0
3.3071043420418844,1.1247339676145292,-0.06112026763388747,0.0,0.07216019856575707,0.16891865512988102,0.0
3.3222104238088406,1.1258491524497174,-0.058562557785588845,0.0,0.07548669743960919,0.16967566823005395,0.0
3.3371916423270043,1.1270047530873724,-0.05601643816892934,0.0,0.07878734645860708,0.17019335534876143,0.0
3.3520581951219235,1.128200441326256,-0.05348388572060109,0.0,0.08207067160791552,0.17047188797635524,0.0
3.3668148673976996,1.1294356623638568,-0.05096770144960861,0.0,0.08534415889923151,0.17051170573074895,0.0
3.38147001059328,1.1307103391342523,-0.048469987255107545,0.0,0.08861614336905613,0.1703137466699799,0.0
3.396037489610643,1.1320251062930689,-0.045991821764674465,0.0,0.09189618881814757,0.1698790639931301,0.0
3.41052878919158,1.1333806457180955,-0.04353462229554892,0.0,0.09519327611698475,0.16920877257851,0.0
3.424951105652709,1.1347774560640995,-0.04110047649241458,0.0,0.09851527970870201,0.16830434196812766,0.0
3.4393268852712136,1.13621776820373,-0.038688867846685286,0.0,0.10187344268260248,0.16716620127617463,0.0
3.453658150822499,1.1377020445824375,-0.03630270128178879,0.0,0.10527407753437187,0.1657961467787453,0.0
3.4676229492811887,1.13919563954482,-0.033998030621178746,0.0,0.10864422046536365,0.1642353657675894,0.0
