t,x,y,z,dx,dy,dz
0.0,1.166930587676521,0.0,0.0,0.0,0.13667083769193517,0.0
0.006054064321040341,1.1669369431682124,0.0008273801589024769,0.0,0.0020995959343443698,0.1366540474720371,0.0
0.014456005925955591,1.1669668260471515,0.001975253159196242,0.0,0.0050138445790483014,0.13657511429274027,0.0
0.02387594124516515,1.1670294494667974,0.003261066868281748,0.0,0.008282355515656613,0.13640976768094756,0.0
0.03463869911952319,1.167138697361994,0.004727756012232086,0.0,0.012019268699156867,0.1361215367750591,0.0
0.04633581541432606,1.1673030610283144,0.006317573872209771,0.0,0.016084866017841013,0.13568841650964525,0.0
0.05904231042303005,1.1675355360321096,0.008037968046366549,0.0,0.02050795443370836,0.13507687961551912,0.0
0.07253161971547795,1.1678438962647335,0.009854788548256489,0.0,0.025213044060214847,0.13426762878510443,0.0
0.08675310157023813,1.1682378097157966,0.011757159659798535,0.0,0.03018628451628333,0.13323697102929283,0.0
0.10158376511568692,1.1687240490570598,0.01372399566237381,0.0,0.035388840073441306,0.1319694806331939,0.0
0.11696038380583276,1.1693098069285472,0.01574182037660898,0.0,0.04080286091237327,0.13044936662131806,0.0
0.13282890998642727,1.170001773029352,0.01779797643667209,0.0,0.04641372260339473,0.12866294453942995,0.0
0.14912325370485627,1.1708051762638554,0.01987796757954011,0.0,0.05220233993057617,0.12660110262913984,0.0
0.1658322035537991,1.1717272250125315,0.021974031637113204,0.0,0.05816881275716656,0.12425045855534116,0.0
0.18290677274966213,1.1727727218795088,0.024073314230428963,0.0,0.06429940959154312,0.12160458941225627,0.0
0.20032607385925358,1.1739475070270742,0.026166256590843928,0.0,0.07058989036842199,0.11865516364864252,0.0
0.2180556218887789,1.1752560711963285,0.02824146158059798,0.0,0.07703046046376177,0.11539790885300788,0.0
0.23607581922414378,1.1767034519086554,0.03028917658548046,0.0,0.08361594174502547,0.11182773535283579,0.0
0.2543316328429685,1.178291129396036,0.03229567325700853,0.0,0.09032727932352087,0.10794868867390743,0.0
0.27279762774276534,1.1800220952599119,0.03425079490484055,0.0,0.09715520797177556,0.10376122082765937,0.0
0.29142627009047495,1.181896419083691,0.03614232728818444,0.0,0.1040812602673133,0.09927282700521112,0.0
0.31019205252404647,1.183915332305674,0.03796077351505474,0.0,0.1110940895256365,0.09448795782550909,0.0
0.32906474918124107,1.1860787905212475,0.039696544015435736,0.0,0.11817965417951937,0.08941376340429387,0.0
0.3480337923372049,1.1883883247979201,0.041342205216163504,0.0,0.12533044983222918,0.0840532847117919,0.0
0.36708738872450597,1.190844948290458,0.04289037187893019,0.0,0.1325378067596798,0.07841037531295438,0.0
0.3862200149701345,1.1934501400135333,0.04433431401152106,0.0,0.1397947914639515,0.07248737423101417,0.0
0.4054419742156132,1.196207461160003,0.04566842576980257,0.0,0.14709993177796768,0.06628151170483894,0.0
0.4247515211708477,1.199118817096453,0.04688605738115537,0.0,0.15444668731257857,0.05979340642199469,0.0
0.4441582142184846,1.2021877843878543,0.04798112839953011,0.0,0.1618323447943012,0.05301955473500581,0.0
0.4636703528820126,1.2054178921593366,0.048947152539754034,0.0,0.1692532623374504,0.04595623033611907,0.0
0.48329795266176545,1.208813092968731,0.049777367397580256,0.0,0.17670600238475845,0.03859844473430168,0.0
0.5030490397071605,1.2123771356556812,0.050464525953404775,0.0,0.18418591978002816,0.030941312242991605,0.0
0.5229357659847512,1.2161146537754874,0.05100108248026114,0.0,0.19168946735076317,0.022977705641593935,0.0
0.5429661888861349,1.2200296726547584,0.05137887268451565,0.0,0.19921106656387186,0.01470145916184177,0.0
0.5631514239243604,1.2241269229612513,0.05158929141645284,0.0,0.20674578668156637,0.006104555184257518,0.0
0.5834988632118571,1.228410489947553,0.05162314566281252,0.0,0.21428677805534938,-0.0028200345701941023,0.0
0.604017447550787,1.2328848283469402,0.051470722742623896,0.0,0.22182722532294052,-0.01208050657996475,0.0
0.6247292125503473,1.237557453069681,0.05112143668875924,0.0,0.22936447208511712,-0.021691735967438414,0.0
0.6456433023887569,1.2424332582180102,0.050563963525058576,0.0,0.23689040841610257,-0.031663536156609995,0.0
0.6667717387760999,1.2475178647306382,0.04978616139958798,0.0,0.2443972386272444,-0.042007638233389565,0.0
0.6881246064768205,1.2528164919934504,0.048775131510193255,0.0,0.2518756838259259,-0.05273540454308878,0.0
0.7097106794003847,1.2583340210146754,0.04751723486172827,0.0,0.25931518538488685,-0.06385800873277293,0.0
0.7315408757499503,1.2640758377528225,0.0459978625823199,0.0,0.26670504376641246,-0.07538817379525557,0.0
0.753620291237548,1.2700456961078637,0.044201963106840624,0.0,0.27403166975134685,-0.0873359212206014,0.0
0.7759582209688307,1.2762482883035058,0.042113352621072554,0.0,0.28128194395638095,-0.09971378150204137,0.0
0.798559855650189,1.2826869634396922,0.03971535417011365,0.0,0.2884404054591615,-0.11253227006219652,0.0
0.8214303185705945,1.2893647316105983,0.036990517097549025,0.0,0.2954905856352144,-0.12580195117357335,0.0
0.8445748267734805,1.2962842667793466,0.03392057247156441,0.0,0.3024150085930843,-0.13953348888847616,0.0
0.8679967696897669,1.3034472690054046,0.030486695785958945,0.0,0.3091945884450728,-0.15373643032813727,0.0
0.8916973402966719,1.3108542368647125,0.026669677340155098,0.0,0.315808572620314,-0.1684188057442629,0.0
0.9156795395194604,1.3185056361035807,0.02244933745895182,0.0,0.322235674974694,-0.18358949061858076,0.0
0.939942213685993,1.3263999476457515,0.01780556889879075,0.0,0.32845244789937056,-0.1992543781148232,0.0
0.9644845415446924,1.3345349875754275,0.012717694786125904,0.0,0.33443457483784994,-0.21541903218434458,0.0
0.9893037071671784,1.3429070762084032,0.007164992581438937,0.0,0.3401563198911931,-0.2320870683175531,0.0
1.0143941952954687,1.3515106893601665,0.0011270533914388204,0.0,0.34559051628988813,-0.24925947328244694,0.0
1.0397561488861018,1.3603412742956307,-0.005418185190886396,0.0,0.3507104053318723,-0.26694024732095417,0.0
1.0653831523358825,1.3693910051241933,-0.012491428535291485,0.0,0.3554870445790176,-0.2851279479061174,0.0
1.0912740221061745,1.3786528254890835,-0.020114978148220358,0.0,0.35989175852738886,-0.3038237990878215,0.0
1.1174191343821274,1.3881155466908177,-0.028308765159062624,0.0,0.3638937630674333,-0.3230218241598412,0.0
1.1438138580032162,1.3977685819156889,-0.03709409369262811,0.0,0.36746264655751393,-0.3427183770391311,0.0
1.17044300053768,1.407596247618764,-0.046488426118813646,0.0,0.37056632115475985,-0.36290050307649424,0.0
1.1972989556904066,1.4175843661151089,-0.05651120023668232,0.0,0.3731737092919506,-0.38355934867239005,0.0
1.2243702000788834,1.427716054150878,-0.06717987065173263,0.0,0.3752533427377474,-0.40468151531515295,0.0
1.251642550927309,1.4379721602357978,-0.07850995167639711,0.0,0.3767739310040956,-0.42624981811107715,0.0
1.2791026782923296,1.448332600064497,-0.09051620963062368,0.0,0.377704864103479,-0.4482459687875138,0.0
1.306736381194405,1.4587757513884252,-0.10321184643166523,0.0,0.37801626602140354,-0.4706492174937983,0.0
1.3345403525866248,1.4692829477329656,-0.11661410985828223,0.0,0.37767896145813795,-0.49344602674747323,0.0
1.362494125145144,1.4798279196186324,-0.13073096496198439,0.0,0.3766646570112709,-0.5166071976865076,0.0
1.3905924619900456,1.4903890827420325,-0.14557651503880206,0.0,0.37494578952075824,-0.5401144050667838,0.0
1.4188280232288462,1.5009430194356521,-0.1611629276331164,0.0,0.3724954767082899,-0.5639461403050813,0.0
1.447191090841404,1.5114644324504767,-0.1774999579260985,0.0,0.3692879195213782,-0.5880774152350252,0.0
1.4756819672027335,1.521930763920528,-0.19460218586849973,0.0,0.3652969214863476,-0.6124903799183109,0.0
1.5042866730997497,1.5323132609949237,-0.21247469690143111,0.0,0.360499019240697,-0.6371536114488066,0.0
1.5330135279365649,1.5425903489369606,-0.23113547745382054,0.0,0.35486787842827555,-0.6620535791145639,0.0
1.5618536535112957,1.5527332617772955,-0.250590998202321,0.0,0.34838063509945816,-0.6871606730004881,0.0
1.5908135846464222,1.5627177221500017,-0.2708572438656385,0.0,0.3410116725544582,-0.7124574345033259,0.0
1.619891505504795,1.5725154754578843,-0.2919440779217903,0.0,0.3327375041178046,-0.7379179282564736,0.0
1.6490935081716964,1.582099875908986,-0.3138665506378451,0.0,0.32353269933697526,-0.7635219087828149,0.0
1.6784172236628225,1.591440374966403,-0.33663294639669517,0.0,0.3133746267626114,-0.7892404719939546,0.0
1.7078690950162827,1.6005081580694425,-0.36025772693022623,0.0,0.3022380156548743,-0.8150511696523891,0.0
1.7374538663243666,1.6092725892405775,-0.3847537795690888,0.0,0.29009807099277723,-0.8409287526807274,0.0
1.7671800877456783,1.6177027886587838,-0.4101369198895305,0.0,0.2769282426926376,-0.8668499216931596,0.0
1.7970551111543274,1.6257660052370844,-0.43642186347353107,0.0,0.262702087154875,-0.8927888587781325,0.0
1.8270771198440297,1.6334256530860296,-0.46361468980306125,0.0,0.24739768422606684,-0.9187103033864343,0.0
1.8572648579080453,1.6406488587109087,-0.49173967370848726,0.0,0.23098255624949238,-0.9445951553446394,0.0
1.8876215615542593,1.6473969890969988,-0.5208068739252025,0.0,0.2134316567339393,-0.9704091700075822,0.0
1.91815688752599,1.653631167833339,-0.5508318973601507,0.0,0.19471624874190044,-0.9961217831026831,0.0
1.9488803980906568,1.659310469799801,-0.5818299851185958,0.0,0.1748071654436278,-1.0217003443862185,0.0
1.9798036781187607,1.664392152268439,-0.6138181232031898,0.0,0.1536733827280635,-1.0471117164765358,0.0
2.0109393785183944,1.6688311979578598,-0.6468141682993432,0.0,0.13128241031066382,-1.0723212386230654,0.0
2.0422980386828002,1.672579714337051,-0.6808333757918734,0.0,0.10760260827042016,-1.0972899712690891,0.0
2.0738934247408576,1.6755874892825875,-0.7158939946914878,0.0,0.08259930977268953,-1.1219787932504006,0.0
2.1057441044383003,1.6778015307639127,-0.7520193247801651,0.0,0.0562329761478179,-1.1463491444519143,0.0
2.137856455584377,1.679164746917413,-0.7892182400216903,0.0,0.028473399392529845,-1.1703498104505383,0.0
2.1702476086056337,1.6796174674924034,-0.8275109385408091,0.0,-0.0007190573966962004,-1.1939343007701417,0.0
2.2029340596034404,1.679096084537576,-0.8669161554950576,0.0,-0.03138442780408034,-1.2170516186324045,0.0
2.2359673888777705,1.6775306569694641,-0.9074951296955049,0.0,-0.0635983844867382,-1.239670051491554,0.0
2.2693460111191657,1.6748473583185561,-0.9492438613298447,0.0,-0.09738762269454955,-1.261715273870402,0.0
2.3030695010980047,1.6709698840495661,-0.9921566138425155,0.0,-0.1327778267343664,-1.2831102617616323,0.0
2.3371154802167817,1.6658232212821984,-1.0361956831489618,0.0,-0.16976812614783293,-1.3037614041839243,0.0
2.371443662065965,1.6593370972872712,-1.0812943447218277,0.0,-0.20833144088328012,-1.3235640871165262,0.0
2.4059959782823905,1.6514499626767,-1.1273552963772338,0.0,-0.24841117837945953,-1.3424060451305166,0.0
2.4406991449802367,1.6421126498299463,-1.1742527504531253,0.0,-0.2899210683655894,-1.3601724134971187,0.0
2.475497165537664,1.631281772067547,-1.2218763780868969,0.0,-0.3327831719286242,-1.3767644512840354,0.0
2.5103113778838537,1.618932075883944,-1.2700777697683188,0.0,-0.3768798871058416,-1.3920807982023833,0.0
2.5451068847311404,1.6050343515578442,-1.3187629000410195,0.0,-0.4221379673140939,-1.4060483038156615,0.0
2.579825892784255,1.5895775261498646,-1.3678013597643193,0.0,-0.46844630561392786,-1.4185917129690244,0.0
2.6144398070887926,1.5725476698489802,-1.4171000742839495,0.0,-0.5157246063247186,-1.429654682153285,0.0
2.6489258222337733,1.5539347827062335,-1.4665719061086038,0.0,-0.5638953984831535,-1.4391883501418887,0.0
2.6832610523040104,1.5337352716470691,-1.516127888680215,0.0,-0.6128767769771143,-1.4471492692109578,0.0
2.7174404893552184,1.5119402855609163,-1.5657037562995404,0.0,-0.6626090895490807,-1.4535027083936105,0.0
2.751450919781634,1.488549990325042,-1.6152227780419623,0.0,-0.7130186484257578,-1.4582157297297453,0.0
2.7852846408142873,1.463565223430316,-1.6646158403784388,0.0,-0.7640376797743638,-1.4612602059269084,0.0
2.818948286886187,1.4369789514278855,-1.7138346998053817,0.0,-0.8156188502562929,-1.4626117600875508,0.0
2.852426752341592,1.4088038723078793,-1.7627994199933903,0.0,-0.8676805324776216,-1.462247515808555,0.0
2.8857282002744307,1.3790366628694173,-1.8114642904155163,0.0,-0.9201759476775344,-1.4601477527947961,0.0
2.9188381721398717,1.3476965238863425,-1.859750896848332,0.0,-0.9730220017373286,-1.4562964174343165,0.0
2.9517679271268804,1.314781537340441,-1.9076188229230204,0.0,-1.026175712510781,-1.4506776836338946,0.0
2.9845086944877783,1.280311199750948,-1.954999012501329,0.0,-1.079561584090691,-1.4432805611692099,0.0
3.01705481656156,1.2443055073858913,-2.0018277609417696,0.0,-1.133108341023885,-1.4340972978232038,0.0
3.049411770497526,1.206774579173438,-2.048058198373579,0.0,-1.18676269805721,-1.4231196254097354,0.0
3.081573044918363,1.1677443134664403,-2.093627148241694,0.0,-1.2404513997092481,-1.4103454315822008,0.0
3.113538974837185,1.1272351855215104,-2.138482269861207,0.0,-1.2941123962749985,-1.395773122198192,0.0
3.1453080003171614,1.0852721428352865,-2.1825696334871503,0.0,-1.3476805089999322,-1.3794043941316856,0.0
3.1768831411559586,1.0418759877018016,-2.2258427740434596,0.0,-1.4010984369104378,-1.3612408849061914,0.0
3.2082542855021807,0.9970878583126888,-2.2682385777834675,0.0,-1.454286889490054,-1.341294586685684,0.0
3.2394341726574254,0.9509184195224617,-2.30972620603207,0.0,-1.507205647304238,-1.3195656684637898,0.0
3.2704189323065846,0.9034033123114331,-2.3502535124614745,0.0,-1.559786781666743,-1.2960666044992348,0.0
3.301208069474461,0.8545752551420623,-2.389774376830152,0.0,-1.6119685958481946,-1.2708102498211864,0.0
3.33180643934787,0.8044598052724383,-2.4282508349830607,0.0,-1.6636990407287398,-1.2438069789841137,0.0
3.3622178113308663,0.7530849561040182,-2.465644557179215,0.0,-1.714924808506006,-1.2150692747650522,0.0
3.392442464805839,0.7004856150324456,-2.5019141375882215,0.0,-1.7655873587680075,-1.1846145324013408,0.0
3.4224884679293712,0.6466839531148108,-2.5370286431647164,0.0,-1.8156418545968425,-1.152453697004062,0.0
3.4523534700139775,0.5917213728523274,-2.570945975060808,0.0,-1.8650267447006847,-1.1186099922896722,0.0
3.4676229492811887,0.5630517024099615,-2.58788953806024,0.0,-1.8901139620970642,-1.1005797780215283,0.0
