t,x,y,z,dx,dy,dz
145.0,-1.005063901721359,9.776437623343332e-11,0.0,-2.0697392685066964e-12,-1.7392014265086022e-11,0.0
144.7977562750004,-1.0050639017209326,1.0134584651786145e-10,0.0,-2.145800839425438e-12,-1.8029190305482158e-11,0.0
144.57988106310518,-1.005063901720456,1.053510946808147e-10,0.0,-2.2308851606761896e-12,-1.8741876306159337e-11,0.0
144.24572793065605,-1.0050639017196878,1.118037082344933e-10,0.0,-2.3678016892723623e-12,-1.9890231009919065e-11,0.0
143.910772077578,-1.0050639017188705,1.1866865173536834e-10,0.0,-2.513260979306985e-12,-2.1112052448419974e-11,0.0
143.4979969576398,-1.005063901717794,1.2771128446283863e-10,0.0,-2.7048577761693444e-12,-2.2721506148135417e-11,0.0
143.03272154906304,-1.005063901716482,1.3873308847446012e-10,0.0,-2.9381111959536346e-12,-2.4683077836545943e-11,0.0
142.48247405307336,-1.0050639017147835,1.5300208618218846e-10,0.0,-3.2398985578726975e-12,-2.7222196231833447e-11,0.0
141.7784367643873,-1.0050639017123537,1.7341956865733406e-10,0.0,-3.671678401691188e-12,-3.085462559806171e-11,0.0
141.01839032013729,-1.0050639017093659,1.9852968538959737e-10,0.0,-4.202528716165086e-12,-3.532105078464014e-11,0.0
140.14488076846976,-1.0050639017053946,2.3190856164631012e-10,0.0,-4.908492082478284e-12,-4.1257218657321974e-11,0.0
139.22304773209896,-1.0050639017004774,2.7323587467999857e-10,0.0,-5.78371179148571e-12,-4.86070839993153e-11,0.0
138.21126458392027,-1.005063901694065,3.2711932092776244e-10,0.0,-6.925649762940614e-12,-5.819257684081387e-11,0.0
137.06615582981468,-1.005063901685268,4.0103015645666705e-10,0.0,-8.491751511455973e-12,-7.134371666209537e-11,0.0
135.88822414660942,-1.0050639016741407,4.945237817281067e-10,0.0,-1.0470378569810975e-11,-8.797844676730406e-11,0.0
134.61158975342326,-1.0050639016591358,6.206167212965577e-10,0.0,-1.3137683372180877e-11,-1.1040854467179529e-10,0.0
133.1397064711043,-1.0050639016370313,8.063824925687437e-10,0.0,-1.706992943071688e-11,-1.4345084586508321e-10,0.0
131.81759217392712,-1.005063901611586,1.0201999433146728e-9,0.0,-2.159918828510844e-11,-1.8148763623356217e-10,0.0
130.44094000364876,-1.005063901577893,1.3033009656774416e-9,0.0,-2.759387782417275e-11,-2.318557040346734e-10,0.0
128.99463673974677,-1.0050639015323817,1.6857272125517706e-9,0.0,-3.568758431174319e-11,-2.9989008104789084e-10,0.0
127.56890380432803,-1.0050639014744676,2.1723996713683036e-9,0.0,-4.598883544101444e-11,-3.864630479926966e-10,0.0
126.16696146715701,-1.0050639014012401,2.7877428473063043e-9,0.0,-5.901849405366531e-11,-4.959275388957325e-10,0.0
124.68462337847266,-1.0050639013011335,3.6289192839367217e-9,0.0,-7.682860649784822e-11,-6.455747389540462e-10,0.0
123.13987553695267,-1.0050639011645441,4.776663102884488e-9,0.0,-1.0112561643026396e-10,-8.497591891200985e-10,0.0
121.70984694303228,-1.0050639009998743,6.160396544763333e-9,0.0,-1.3041802202220456e-10,-1.0959185286254305e-9,0.0
120.10830220780574,-1.005063900758209,8.191124772499587e-9,0.0,-1.7341152895672224e-10,-1.4571756978303683e-9,0.0
118.4494543992861,-1.0050639004235953,1.1002862469553164e-8,0.0,-2.329403640811967e-10,-1.9573807073881017e-9,0.0
116.91469897043976,-1.0050639000125234,1.4457086647712503e-8,0.0,-3.0606648078517937e-10,-2.571880589756497e-9,0.0
115.41552737572236,-1.0050638994866696,1.887585313659005e-8,0.0,-3.9961305229161876e-10,-3.357962597725142e-9,0.0
113.80873503954857,-1.0050638987433969,2.512158158301165e-8,0.0,-5.318416377585938e-10,-4.469057899115226e-9,0.0
112.18204030680418,-1.0050638977400699,3.3552514285637476e-8,0.0,-7.103318712022725e-10,-5.968902282025525e-9,0.0
110.65265205634172,-1.0050638964915444,4.404385868525775e-8,0.0,-9.324392889589933e-10,-7.83528609583332e-9,0.0
109.0683772864979,-1.005063894785119,5.838296459668672e-8,0.0,-1.2360061487162458e-9,-1.0386168624972927e-8,0.0
107.53289521868084,-1.005063892602738,7.672151104291272e-8,0.0,-1.6242477136577101e-9,-1.3648541942931349e-8,0.0
105.8727893489034,-1.0050638894658763,1.0308051147799224e-7,0.0,-2.182289818128931e-9,-1.833774040897033e-8,0.0
104.32914608916263,-1.0050638855892515,1.3565573073601947e-7,0.0,-2.8719288618223665e-9,-2.413278671779676e-8,0.0
102.80329819863336,-1.0050638805547016,1.7796100657152578e-7,0.0,-3.767560655889408e-9,-3.165877438172663e-8,0.0
101.33237448126256,-1.0050638742202276,2.3118950245381525e-7,0.0,-4.894450206878373e-9,-4.112797291297209e-8,0.0
99.79957970282273,-1.0050638655955166,3.036627448112339e-7,0.0,-6.428768469717812e-9,-5.4020767689363256e-8,0.0
98.30548316987658,-1.0050638545927721,3.961184855081533e-7,0.0,-8.386130560618963e-9,-7.046839472124725e-8,0.0
96.59375797924054,-1.0050638378126053,5.371216446355526e-7,0.0,-1.1371284948075565e-8,-9.555246518823293e-8,0.0
95.22145733731178,-1.0050638201380346,6.856402696292491e-7,0.0,-1.4515560983379332e-8,-1.2197351408396147e-7,0.0
93.65552051007691,-1.0050637939258091,9.059000233802787e-7,0.0,-1.917867862940279e-8,-1.6115712206561044e-7,0.0
92.24455532592646,-1.0050637631662296,1.1643703871232004e-6,0.0,-2.465076959394612e-8,-2.071382942609473e-7,0.0
90.74951335380447,-1.0050637209463413,1.5191399602134007e-6,0.0,-3.2161653673621625e-8,-2.7025081967228844e-7,0.0
89.16422306031842,-1.0050636620448954,2.01408124677175e-6,0.0,-4.2640217021529205e-8,-3.582994975301705e-7,0.0
87.71591127032569,-1.0050635916029553,2.6059930302033197e-6,0.0,-5.517189362683006e-8,-4.6359896411416876e-7,0.0
86.30925721608624,-1.0050635034213466,3.346964029672754e-6,0.0,-7.085955513422717e-8,-5.954156524335994e-7,0.0
84.8548000737381,-1.0050633857969296,4.335329332752776e-6,0.0,-9.178529256288862e-8,-7.712430825740527e-7,0.0
83.5609728632361,-1.0050632522634748,5.45736378848154e-6,0.0,-1.1554151135337405e-7,-9.70849859432721e-7,0.0
82.24518756955749,-1.0050630809681944,6.896681773493002e-6,0.0,-1.4601606854846094e-7,-1.2269004678873044e-6,0.0
81.0003107934501,-1.0050628774952102,8.606351670448028e-6,0.0,-1.8221573122836416e-7,-1.5310458946629825e-6,0.0
79.7949867909487,-1.0050626325400047,1.0664540429328142e-5,0.0,-2.2579614312555893e-7,-1.8971917918764836e-6,0.0
78.63685525576054,-1.0050623421476108,1.3104459587464392e-5,0.0,-2.7746134654189765e-7,-2.3312463615196036e-6,0.0
77.51717981388035,-1.0050619983755213,1.5992817078549147e-5,0.0,-3.386249875869686e-7,-2.8450767153383422e-6,0.0
76.44398041247335,-1.0050615979492348,1.9357090802911933e-5,0.0,-4.098703847386807e-7,-3.443571050524841e-6,0.0
75.40653933586349,-1.0050611309570356,2.3280511362320195e-5,0.0,-4.929620090487762e-7,-4.1415357858903e-6,0.0
74.41712232816003,-1.0050605976434912,2.7760968009591455e-5,0.0,-5.878575191645337e-7,-4.938595343113382e-6,0.0
73.45862691721345,-1.0050599832817235,3.292211211367847e-5,0.0,-6.971788552897577e-7,-5.856746815800021e-6,0.0
72.54544480010632,-1.0050592919828298,3.872931965732434e-5,0.0,-8.2019631541076e-7,-6.88983057005492e-6,0.0
71.66437640279527,-1.0050585095995397,4.530132821782808e-5,0.0,-9.594296414609567e-7,-8.058969493774457e-6,0.0
70.81794737682355,-1.0050576331540948,5.2663020016270116e-5,0.0,-1.1154115066817387e-6,-9.368589868161705e-6,0.0
70.0053657948149,-1.005056657973263,6.0853495063074534e-5,0.0,-1.2889768185057598e-6,-1.0825647239473108e-5,0.0
69.22406432929866,-1.0050555775061818,6.992759372454451e-5,0.0,-1.4812952926834052e-6,-1.2439897264984846e-5,0.0
68.4707124982489,-1.0050543832849477,7.995621813981618e-5,0.0,-1.6938786715510837e-6,-1.422395287738411e-5,0.0
67.74551946889898,-1.005053072077486,9.096626147309682e-5,0.0,-1.9273075169272604e-6,-1.618259791423685e-5,0.0
67.04816413808877,-1.0050516410616634,0.00010298114088272391,0.0,-2.182090120802729e-6,-1.8319997795954956e-5,0.0
66.37453053062899,-1.0050500793431922,0.00011609200167962667,0.0,-2.4601729351325873e-6,-2.0652366450266417e-5,0.0
65.7254377493248,-1.0050483865100444,0.00013030193479296595,0.0,-2.7616370579840486e-6,-2.3180253212632873e-5,0.0
65.0984342319324,-1.0050465545710376,0.00014567760736998304,0.0,-3.0879142374424803e-6,-2.5915517294842346e-5,0.0
64.4921003856003,-1.0050445774163936,0.00016226983058109223,0.0,-3.440102501761566e-6,-2.886719710701836e-5,0.0
63.9053517160283,-1.005042449672012,0.0001801231776358561,0.0,-3.819170180123561e-6,-3.2043221261501964e-5,0.0
63.3367353132388,-1.0050401642083224,0.00019929688107937603,0.0,-4.226399825967911e-6,-3.54541260925708e-5,0.0
62.78642657036842,-1.0050377205167251,0.00021979455967292944,0.0,-4.661895672425061e-6,-3.910055442533651e-5,0.0
62.251964325003826,-1.005035106372144,0.00024171803582066027,0.0,-5.12785152990517e-6,-4.300061888346157e-5,0.0
61.733449230960986,-1.0050323207395357,0.0002650751887866001,0.0,-5.624468712241408e-6,-4.7155719985397736e-5,0.0
61.228844793445326,-1.005029351010266,0.00028997085206015704,0.0,-6.154013716317705e-6,-5.1584505710355956e-5,0.0
60.73880910972926,-1.0050261996203564,0.0003163836327497087,0.0,-6.716072564133551e-6,-5.6283168986261876e-5,0.0
60.261596048061165,-1.0050228542500652,0.00034441572717608875,0.0,-7.3128647609749315e-6,-6.126988834173817e-5,0.0
59.797040541383495,-1.0050193122476183,0.0003740881885983319,0.0,-7.94488787256372e-6,-6.654840731275048e-5,0.0
59.344025081921465,-1.0050155635899032,0.0004054837086516047,0.0,-8.613957167826942e-6,-7.213343429445783e-5,0.0
58.90246286893658,-1.005011606057589,0.00043861948667743073,0.0,-9.3204979039406e-6,-7.802802689653915e-5,0.0
58.47123479411603,-1.0050074279946692,0.0004735916030396684,0.0,-1.0066622819789425e-5,-8.424927484393961e-5,0.0
58.05030667449465,-1.0050030273020842,0.0005104159821167421,0.0,-1.0852741327230992e-5,-9.080000854208095e-5,0.0
57.63904220377875,-1.0049983958676587,0.0005491587338514658,0.0,-1.1680339750331918e-5,-9.769198577033369e-5,0.0
57.23685745238982,-1.0049935252438622,0.0005898885933370966,0.0,-1.2550968121945748e-5,-0.0001049374310285657,0.0
56.84359467760225,-1.0049884117408163,0.0006326343384012667,0.0,-1.3465329654487724e-5,-0.00011254146054936762,0.0
56.458935627391455,-1.0049830498379393,0.0006774398975040602,0.0,-1.442445812534576e-5,-0.00012051188547500918,0.0
56.08200349539455,-1.0049774252494412,0.0007244222271929471,0.0,-1.543095976395982e-5,-0.0001288695075285187,0.0
55.713188523486174,-1.0049715420114966,0.0007735450316831487,0.0,-1.6484166522361242e-5,-0.0001376078662692467,0.0
55.351479671352195,-1.0049653821957467,0.0008249552352432906,0.0,-1.758734608913465e-5,-0.00014675309363961061,0.0
54.996888322727884,-1.0049589435232755,0.000878668855263574,0.0,-1.8740969656609357e-5,-0.00015630803444832366,0.0
54.649065572028626,-1.0049522175053414,0.0009347535137777657,0.0,-1.994662523504075e-5,-0.00016628471297513048,0.0
54.307803580664675,-1.0049451978843784,0.0009932579731932178,0.0,-2.120550624654702e-5,-0.00017669179824030822,0.0
53.9727693074882,-1.0049378754464344,0.001054255373474146,0.0,-2.2519341810245587e-5,-0.00018754229526550496,0.0
53.64385020640584,-1.0049302453749926,0.0011177819464336322,0.0,-2.3889077839787697e-5,-0.00019884264324829026,0.0
53.32074956335696,-1.0049222984564252,0.0011839102644287307,0.0,-2.5316455258200505e-5,-0.00021060574535498804,0.0
53.00315386226335,-1.0049140241954966,0.001252723224403894,0.0,-2.6803452322893253e-5,-0.00022284634078505451,0.0
52.69100664029218,-1.0049054183342698,0.001324251525388295,0.0,-2.8350933196057536e-5,-0.00023556988314441814,0.0
52.38418636773549,-1.0048964751370422,0.0013985378779189745,0.0,-2.9960033459150633e-5,-0.00024878396222045336,0.0
52.082380688950806,-1.0048871828902868,0.0014756743014581097,0.0,-3.1632971508915116e-5,-0.00026250493832970993,0.0
51.78547884663095,-1.0048775353195996,0.0015557072689272612,0.0,-3.337099480939367e-5,-0.0002767410693619119,0.0
51.49335211882455,-1.0048675255354147,0.001638688015717579,0.0,-3.517546880127953e-5,-0.0002915014597859222,0.0
51.20582104012773,-1.0048571446292833,0.001724684135297484,0.0,-3.704813081627691e-5,-0.00030679812317675867,0.0
50.9226890745878,-1.004846382457991,0.0018137730166210755,0.0,-3.899095003165592e-5,-0.00032264481477815296,0.0
50.643705290359435,-1.0048352258657782,0.001906056488242772,0.0,-4.100644991834781e-5,-0.00033905963620753686,0.0
50.3689312376673,-1.004823673834094,0.0020015355354187636,0.0,-4.309497071088106e-5,-0.00035604275093716053,0.0
50.098152462665546,-1.004811714089253,0.002100303793445268,0.0,-4.525889536382779e-5,-0.00037361080170156757,0.0
49.83143656208419,-1.004799346611275,0.0022023532523787028,0.0,-4.749839915383763e-5,-0.0003917623506794689,0.0
49.56841008197444,-1.004786550760914,0.0023078455735183303,0.0,-4.981740090760022e-5,-0.0004105261386827614,0.0
49.30902880644376,-1.0047733203111104,0.002416822900943239,0.0,-5.221722220583082e-5,-0.0004299096469607748,0.0
49.05322261479524,-1.0047596478475165,0.0025293366878368106,0.0,-5.469940986330383e-5,-0.00044992201171141125,0.0
48.80089388108491,-1.004745524350046,0.002645451077456826,0.0,-5.7265813210358795e-5,-0.00047057462533105644,0.0
48.551911482080484,-1.0047309384516725,0.0027652489089534903,0.0,-5.9918720623450606e-5,-0.0004918822044845693,0.0
48.30621212506481,-1.0047158822853097,0.002888783652996273,0.0,-6.265979697396741e-5,-0.0005138542411599929,0.0
48.06364791262025,-1.0047003423847236,0.0030161540814747545,0.0,-6.549173991962678e-5,-0.0005365082835155267,0.0
47.824351024381606,-1.0046843233796716,0.0031473101046572065,0.0,-6.841396070927026e-5,-0.0005598354022385458,0.0
47.58796214649354,-1.0046677970076872,0.0032824703461198667,0.0,-7.143188330222803e-5,-0.0005838744596517822,0.0
47.35455964145137,-1.00465076389334,0.0034216162155306616,0.0,-7.454567673047674e-5,-0.0006086221264321479,0.0
47.12410279848554,-1.0046332169746062,0.0035647914922461122,0.0,-7.77569240800447e-5,-0.000634086165086466,0.0
46.89641284590834,-1.0046151381056576,0.003712129620542812,0.0,-8.106925312630871e-5,-0.0006602902837561692,0.0
46.671522622885654,-1.0045965252377111,0.003863632028572847,0.0,-8.448335982652355e-5,-0.0006872347099034212,0.0
46.44923524361164,-1.0045773571547392,0.004019455421719315,0.0,-8.800347141554253e-5,-0.0007149472853061198,0.0
46.229696885160585,-1.004557641862708,0.004179518157586913,0.0,-9.162846531705378e-5,-0.0007434134609599294,0.0
46.012567597413074,-1.0045373437435123,0.004344092029562602,0.0,-9.536525542312789e-5,-0.0007726815427437621,0.0
45.79803486100986,-1.004516474957425,0.004513060294948678,0.0,-9.921198412776201e-5,-0.0008027307364163336,0.0
45.58575227404794,-1.0044949960403549,0.004686723472570092,0.0,-0.0001031763249318112,-0.0008336144516788194,0.0
45.375883737841924,-1.0044729172580193,0.004864978639898834,0.0,-0.00010725680134182607,-0.0008653143488268987,0.0
45.1683461314936,-1.0044502245357059,0.0050479190229521164,0.0,-0.00011145644300720446,-0.0008978469691236484,0.0
44.96307426756945,-1.004426905025021,0.005235626890257641,0.0,-0.00011577807511416459,-0.0009312269030076686,0.0
44.760055565587145,-1.0044029516013944,0.005428137485272361,0.0,-0.00012022348206914326,-0.0009654603764236393,0.0
44.559097037317386,-1.004378334937026,0.005625663280720959,0.0,-0.0001247985943802927,-0.0010005851287960838,0.0
44.360343701918424,-1.004353066408944,0.005828088962953441,0.0,-0.00012950180190295614,-0.0010365806088596173,0.0
44.16365077176316,-1.0043271217096792,0.0060355845282748,0.0,-0.00013433814811424948,-0.0010734769978805955,0.0
43.96899498389748,-1.004300491169871,0.0062482014405871745,0.0,-0.00013930997849833057,-0.0011112833968135714,0.0
43.77624405808749,-1.004273149400958,0.006466115341323124,0.0,-0.00014442260103925188,-0.0011500309842362613,0.0
43.58553395949059,-1.0042451088955129,0.006689198859737181,0.0,-0.00014967426341766065,-0.0011896970570878349,0.0
43.396752161397764,-1.0042163469736354,0.006917603934422407,0.0,-0.00015506981149443993,-0.0012303085742105813,0.0
43.209743406182334,-1.0041868321704053,0.007151550273535297,0.0,-0.0001606157809946274,-0.0012719045398310288,0.0
43.0246966331286,-1.004156587231487,0.00739082673886741,0.0,-0.00016630854537025757,-0.00131444735025999,0.0
42.84131192927077,-1.0041255555530144,0.0076358490247435355,0.0,-0.00017215943279426203,-0.0013580108486951996,0.0
42.659740350637875,-1.0040937542665564,0.007886448330374074,0.0,-0.00017816591698250112,-0.0014025649534383515,0.0
42.47997717682016,-1.004061175853031,0.008142650097421818,0.0,-0.00018433012771319965,-0.001448114116320419,0.0
42.30185451732188,-1.004027782073274,0.008404719635429766,0.0,-0.0001906600434326906,-0.0014947054301653372,0.0
42.12542041884341,-1.0039935734331469,0.008672616130269675,0.0,-0.00019715634150488276,-0.001542331559463741,0.0
41.95058605088997,-1.0039585242138105,0.008946502997964487,0.0,-0.00020382470336863457,-0.0015910214730781673,0.0
41.777361707090805,-1.0039226276158266,0.009226394030013508,0.0,-0.0002106672482815041,-0.0016407775359260162,0.0
41.60572747717329,-1.0038858709553526,0.00951234775612328,0.0,-0.00021768724114156713,-0.0016916100625690117,0.0
41.435569620258924,-1.0038482203117358,0.00980458594562573,0.0,-0.00022489204419578898,-0.0017435583806252185,0.0
41.26696912628752,-1.0038096840779585,0.010103000118434442,0.0,-0.0002322809606984038,-0.0017966031075107383,0.0
41.09991583287508,-1.0037702515793767,0.010407629017180722,0.0,-0.00023985695894068672,-0.0018507510280289005,0.0
40.93417643934468,-1.003729857028042,0.010718934313174708,0.0,-0.0002476336554543678,-0.0019060840953882229,0.0
40.7700114594099,-1.0036885538921057,0.011036456508267397,0.0,-0.0002556017519768467,-0.0019625205232645976,0.0
40.60715285190883,-1.0036462649561524,0.01136074055308908,0.0,-0.0002637771654254009,-0.002020157054139047,0.0
40.44575874926354,-1.0036030205677913,0.011691503204647066,0.0,-0.0002721550889815124,-0.0020789432228307293,0.0
40.285660520153364,-1.0035587650248157,0.012029118704417306,0.0,-0.0002807474009128214,-0.0021389454150484034,0.0
40.12695779262384,-1.0035135148395162,0.01237340758768622,0.0,-0.0002895520175422969,-0.0022001316019218805,0.0
39.96951912509421,-1.0034672214140392,0.01272468462056052,0.0,-0.0002985795484421192,-0.0022625575835215177,0.0
39.813399721213926,-1.0034198891832746,0.013082859282259388,0.0,-0.00030783032162827174,-0.002326207127247791,0.0
39.65847482744087,-1.0033714678611851,0.013448253273576143,0.0,-0.0003173153990225299,-0.0023911372480293434,0.0
39.504883840220224,-1.0033219890861806,0.01382056792148545,0.0,-0.00032702983991733924,-0.002457294713776294,0.0
39.35247289664276,-1.0032713914582134,0.014200203862787164,0.0,-0.000336986986631266,-0.0025247505501679937,0.0
39.20133119495057,-1.0032196921466354,0.014586968969285314,0.0,-0.0003471847879693336,-0.0025934704469206685,0.0
39.0513116931983,-1.0031668278188537,0.014981271715037197,0.0,-0.0003576371061581117,-0.002663526801364635,0.0
38.902492690868755,-1.0031128122639932,0.01538294179230749,0.0,-0.00036834262929130523,-0.002734889166473666,0.0
38.75477821677787,-1.003057596816325,0.01579227196777876,0.0,-0.00037931245184243643,-0.002807609360667626,0.0
38.60825000381764,-1.0030011982572986,0.01620906716195261,0.0,-0.0003905447214744837,-0.002881652523635485,0.0
38.46283020241875,-1.002943573196717,0.016633575994782303,0.0,-0.00040204958997691045,-0.0029570626120446796,0.0
38.31846922351498,-1.0028846866543644,0.01706598092275708,0.0,-0.00041383561824292987,-0.003033871815202185,0.0
38.1751879228468,-1.0028245315370579,0.0175062568623632,0.0,-0.00042590584347767645,-0.00311207544587952,0.0
38.0329730659945,-1.0027630870572113,0.017954477366556493,0.0,-0.0004382660839406435,-0.0031916863291679178,0.0
37.89180805384892,-1.0027003305130828,0.01841072746650508,0.0,-0.00045092259489377305,-0.0032727193184170986,0.0
37.75171900167544,-1.0026362584289723,0.018874950524261438,0.0,-0.0004638777936728854,-0.003355164096492341,0.0
37.612667009518944,-1.002570837957603,0.01934730092455939,0.0,-0.0004771400736822121,-0.003439047814248345,0.0
37.474589933569646,-1.0025040230693119,0.01982802410217396,0.0,-0.0004907205871077191,-0.0035244137761807326,0.0
37.33748170120072,-1.0024357928609997,0.020317180659858144,0.0,-0.0005046254637256756,-0.003611272448716117,0.0
37.201390306612815,-1.0023661543258402,0.020814629827106225,0.0,-0.0005188551769091188,-0.0036995985319698446,0.0
37.0661855561747,-1.0022950224016256,0.021320885271139397,0.0,-0.0005334290759521027,-0.0037894829126028447,0.0
36.93201109998905,-1.0022224547373286,0.021835441403576253,0.0,-0.0005483373450935052,-0.003880835495383332,0.0
36.798741396917556,-1.0021483661052424,0.022358805934002374,0.0,-0.000563599516585506,-0.003973746077553972,0.0
36.66640748465806,-1.0020727545231867,0.022890892559351995,0.0,-0.0005792180989210942,-0.004068198980449903,0.0
36.53498173312409,-1.0019955852234508,0.023431843967974306,0.0,-0.0005952024086906718,-0.004164219163275712,0.0
36.404423360661575,-1.0019168138265269,0.023981865893924436,0.0,-0.000611563843872701,-0.004261842756379304,0.0
36.274750261490084,-1.00183643028798,0.024540920730689884,0.0,-0.0006283067457791798,-0.0043610626816568765,0.0
36.1459484011235,-1.0017544053086722,0.025109102768991802,0.0,-0.000645439508102764,-0.00446189525650119,0.0
36.0180026903122,-1.0016707080960938,0.02568651324219022,0.0,-0.000662970907338339,-0.004564358012255222,0.0
35.890873099376954,-1.0015852899713449,0.026273372511647502,0.0,-0.0006809135554709518,-0.0046684895983614945,0.0
35.76460512470957,-1.0014981592855787,0.026869506009585705,0.0,-0.000699268149599462,-0.004774258570365689,0.0
35.63918202289145,-1.0014092832002262,0.027475020209310336,0.0,-0.0007180440793595282,-0.004881683336661433,0.0
35.51455297306731,-1.0013186026878098,0.028090195169488387,0.0,-0.000737256367923978,-0.004990813076643368,0.0
35.39073211315752,-1.0012261040954047,0.028714998352020533,0.0,-0.0007569105245601389,-0.005101641490855031,0.0
35.267717711736324,-1.0011317626647092,0.029349470292598386,0.0,-0.0007770144582560409,-0.005214175225620807,0.0
35.14546535727726,-1.0010355196020182,0.02999387618887224,0.0,-0.0007975834189449232,-0.005328460749936194,0.0
35.023972536937904,-1.0009373468411589,0.030648270106016173,0.0,-0.0008186262017807246,-0.005444507058873382,0.0
34.903252380185485,-1.000837229302827,0.03131261703062125,0.0,-0.000840148870137865,-0.005562307331039332,0.0
34.78329413647127,-1.0007351325496632,0.03198700803248493,0.0,-0.0008621616977557941,-0.005681877081991187,0.0
34.66410679131014,-1.0006310387707646,0.03267142131510287,0.0,-0.0008846714364804328,-0.0058032117932393,0.0
34.54558105044631,-1.0005248237451017,0.03336652809803475,0.0,-0.0009077079866842414,-0.005926429768882658,0.0
34.427805046492125,-1.0004165369865485,0.03407185581646836,0.0,-0.000931263709616513,-0.006051446521451969,0.0
34.310742987711166,-1.0003061179615464,0.03478765021480709,0.0,-0.0009553548726350425,-0.006178304874026329,0.0
34.1944075587323,-1.0001935502701007,0.03551386605294324,0.0,-0.000979988215349332,-0.006306996046387619,0.0
34.0787525286509,-1.0000787596293674,0.03625082737679224,0.0,-0.0010051832294775272,-0.006437576667940962,0.0
33.96377100305259,-0.9999617076712598,0.03699862069155814,0.0,-0.0010309516685525213,-0.006570061235445186,0.0
33.849495266645604,-0.9998423967137354,0.03775707037736783,0.0,-0.0010572963741085875,-0.006704417781271508,0.0
33.73591326795464,-0.9997207844670769,0.03852628334411952,0.0,-0.0010842300578391168,-0.006840664366862931,0.0
33.62296561860482,-0.9995967748077004,0.03930669990313209,0.0,-0.0011117775013839378,-0.006978878060285201,0.0
33.51069078938755,-0.9994703765780037,0.040098093429111435,0.0,-0.001139940301001968,-0.007119017768549677,0.0
33.399064456852216,-0.9993415295642911,0.04090066842969504,0.0,-0.001168735463707367,-0.007261118720402986,0.0
33.28807601936197,-0.9992101871995513,0.0417145383266479,0.0,-0.0011981770722929378,-0.007405199971404072,0.0
33.177727289385736,-0.9990763168866551,0.04253972570793443,0.0,-0.001228276165656411,-0.007551264457929236,0.0
33.06799610796005,-0.9989398560482952,0.04337643341192932,0.0,-0.001259050616720027,-0.007699346981002217,0.0
32.95890683142805,-0.9988007993545223,0.044224509118752336,0.0,-0.0012905054728938761,-0.007849419444761108,0.0
32.85040533440508,-0.9986590407408288,0.04508441050946816,0.0,-0.00132266865700151,-0.008001561654609026,0.0
32.74250711357263,-0.9985145614640388,0.04595605729363645,0.0,-0.0013555484507663457,-0.008155758169811417,0.0
32.63521476835314,-0.998367326799965,0.04683946375267228,0.0,-0.0013891568091218473,-0.008312010247563647,0.0
32.52851998140001,-0.99821728678177,0.047734731777310704,0.0,-0.0014235092444141951,-0.008470334597753799,0.0
32.42239230626386,-0.9980643579707393,0.048642156263206414,0.0,-0.0014586290703722518,-0.008630782002983832,0.0
32.316865156786214,-0.9979085479569523,0.049561487060672677,0.0,-0.0014945187961663666,-0.008793306821705907,0.0
32.21190981600594,-0.9977497739370534,0.05049300559171182,0.0,-0.0015312017869817992,-0.008957957351098066,0.0
32.10750139973211,-0.9975879548337468,0.05143697397605306,0.0,-0.0015687011978111791,-0.009124778399142938,0.0
32.00366539597241,-0.9974230866091026,0.05239319980893369,0.0,-0.0016070224345974555,-0.00929373439213534,0.0
31.90039366886159,-0.9972551136685668,0.05336178853611447,0.0,-0.0016461829083483778,-0.00946484234804746,0.0
31.79763736271022,-0.9970839104056647,0.05434324035436681,0.0,-0.0016862165358661689,-0.009638188938440493,0.0
31.69544221005529,-0.9969095065204198,0.055337158178667786,0.0,-0.0017271210592109622,-0.009813702282453818,0.0
31.59377030372197,-0.9967317911051312,0.05634394534330326,0.0,-0.0017689272135851194,-0.009991451805450694,0.0
31.492638051962494,-0.9965507451408142,0.05736347657792095,0.0,-0.0018116442817634926,-0.010171413524738488,0.0
31.392026687786096,-0.996366286993304,0.058395975851155114,0.0,-0.0018552963865327383,-0.010353625047848727,0.0
31.29193066820076,-0.9961783566993115,0.059441538337970605,0.0,-0.001899902674019013,-0.010538101170316762,0.0
31.192364298119564,-0.9959869317093402,0.06050004738572621,0.0,-0.0019454734820977995,-0.010724819252988146,0.0
31.093295652928806,-0.995791899847565,0.06157187697143876,0.0,-0.001992040584007133,-0.010913843131824766,0.0
30.994732072336152,-0.9955932228566805,0.0626569861025612,0.0,-0.0020396182805662378,-0.01110516336268004,0.0
30.896669506596165,-0.9953908398617098,0.06375545379590494,0.0,-0.00208822635708785,-0.011298791596116404,0.0
30.7990990442516,-0.9951846785961789,0.0648674149634513,0.0,-0.0021378874528967004,-0.01149474925236933,0.0
30.7020083270413,-0.9949746572461466,0.06599304871374058,0.0,-0.0021886266531825644,-0.011693065445385722,0.0
30.605397113290035,-0.9947607183528283,0.06713239684461765,0.0,-0.0022404632939961515,-0.011893745003813511,0.0
30.509263324458235,-0.9945427999051832,0.06828552055903478,0.0,-0.002293417908693071,-0.012096796092367154,0.0
30.413603493205027,-0.9943208359144001,0.06945249677861337,0.0,-0.002347512101405439,-0.012302229556047,0.0
30.31843529041007,-0.9940948101563961,0.070633137755967,0.0,-0.0024027554044751417,-0.012510009575664241,0.0
30.223698473070414,-0.9938645185308413,0.07182822884073548,0.0,-0.0024592034337017864,-0.012720271471653269,0.0
30.129439464027058,-0.9936300114003759,0.07303722367443524,0.0,-0.002516849656228181,-0.012932916125852303,0.0
30.03562622160561,-0.9933911474350773,0.07426056496980916,0.0,-0.002575734636511504,-0.013148018335221806,0.0
29.94225849514123,-0.993147861237985,0.0754982950331163,0.0,-0.0026358804500589044,-0.013365582342518842,0.0
29.849330154260592,-0.9929000711176384,0.07675053329245522,0.0,-0.0026973133117318532,-0.013585625840461833,0.0
29.75686652665046,-0.9926477803168884,0.07801696721683139,0.0,-0.002760038426947459,-0.013808090535160371,0.0
29.66482172106829,-0.992390797060623,0.07929825789264937,0.0,-0.0028241095876257636,-0.014033089053152916,0.0
29.57321190991225,-0.9921290967500207,0.08059421964693901,0.0,-0.0028895391686569187,-0.014260585147608345,0.0
29.482027229116017,-0.9918625816361281,0.08190502638215341,0.0,-0.0029563578786862064,-0.014490605602600922,0.0
29.391259821539567,-0.9915911570059245,0.08323082849179479,0.0,-0.0030245958313618333,-0.014723172930807913,0.0
29.300931248351873,-0.9913148165831781,0.08457134066193045,0.0,-0.0030942609725153757,-0.014958233110494532,0.0
29.211005295909942,-0.9910333768999224,0.08592713203123868,0.0,-0.003165406011139943,-0.01519588182902503,0.0
29.121471176368406,-0.9907467260661474,0.08729841067349212,0.0,-0.0032380658839614444,-0.015436151253434966,0.0
29.032376558322923,-0.990454942081994,0.0886844757150341,0.0,-0.003312227393331705,-0.015678914207070016,0.0
28.943648544169605,-0.9901577083038927,0.09008649664428835,0.0,-0.003387977721939724,-0.015924370976231797,0.0
28.85534399387436,-0.9898551350537808,0.09150361319343779,0.0,-0.0034652955502085143,-0.016172366248197442,0.0
28.76744152016298,-0.9895470724727746,0.0929361906364859,0.0,-0.0035442258864182767,-0.016422959169016402,0.0
28.679926380263367,-0.9892333876611676,0.09438450164475486,0.0,-0.003624809659911824,-0.016676192455072677,0.0
28.59280363543455,-0.9889140158687868,0.0958484954676486,0.0,-0.0037070704564548186,-0.016932052089918864,0.0
28.50605153532737,-0.9885887918634116,0.09732857401298595,0.0,-0.0037910578889623838,-0.017190602988099147,0.0
28.419694826885898,-0.9882577227537647,0.09882434729571553,0.0,-0.0038767772016888246,-0.017451771551399296,0.0
28.33370845962634,-0.9879206262339361,0.10033627853668156,0.0,-0.003964282715959518,-0.017715633028748245,0.0
28.248110171392522,-0.9875774841201821,0.101864084912037,0.0,-0.004053586332950187,-0.0179821322547668,0.0
28.1628715522055,-0.9872280928040706,0.10340830377495704,0.0,-0.004144748301560562,-0.0182513569627587,0.0
28.077992678913326,-0.9868723584279233,0.10496897238099082,0.0,-0.004237800519903001,-0.01852330740909363,0.0
27.99349480423166,-0.9865102782205499,0.10654572691067415,0.0,-0.004332751068215124,-0.018797913834980987,0.0
27.90934484147374,-0.9861416162748832,0.10813921351792415,0.0,-0.004429669247922661,-0.01907528219975817,0.0
27.825587270480593,-0.985766474468129,0.1097486107033032,0.0,-0.004528535691307408,-0.019355262785804385,0.0
27.742152121944425,-0.9853844420335977,0.11137529130496707,0.0,-0.0046294662110021294,-0.01963808743271271,0.0
27.659087606933834,-0.9849956384771518,0.11301834979281068,0.0,-0.004732436913754373,-0.019923591454512526,0.0
27.57635815940888,-0.984599797265952,0.11467851572831579,0.0,-0.004837526043195906,-0.02021189420956499,0.0
27.493992349225216,-0.9841969533536526,0.11635524164158957,0.0,-0.004944732029741332,-0.020502892985930415,0.0
27.411941149839112,-0.983786761187702,0.11804955730528861,0.0,-0.005054154667309344,-0.020796758579867163,0.0
27.330259044317824,-0.9833693876100139,0.11976036382782206,0.0,-0.005165757278989251,-0.021093292276607948,0.0
27.24889086950138,-0.9829444443358931,0.12148883999572285,0.0,-0.005279651548644992,-0.021392690043192053,0.0
27.167861964348898,-0.9825119515377008,0.12323448111147463,0.0,-0.005395840094036485,-0.021694855768321534,0.0
27.08716766039469,-0.9820717749121897,0.12499740891546772,0.0,-0.0055143669397440314,-0.021999801672134597,0.0
27.00680864177224,-0.9816238074258151,0.12677762819895758,0.0,-0.005635268886595992,-0.0223075194742185,0.0
26.926765079474816,-0.9811678235827507,0.12857560359849776,0.0,-0.005758614888073379,-0.022618080051225967,0.0
26.84704729527616,-0.9807037646964653,0.1303911298617435,0.0,-0.005884428978134535,-0.02293143821455164,0.0
26.767646249414636,-0.9802314600638018,0.13222443572591158,0.0,-0.006012765604602161,-0.023247623446768662,0.0
26.688547194575367,-0.9797506984679423,0.1340758926730659,0.0,-0.006143690469603877,-0.02356668943522843,0.0
26.60978471979521,-0.9792615696847214,0.13594470939549913,0.0,-0.006277187335111395,-0.023888489245112735,0.0
26.53132887839169,-0.9787637674069603,0.13783160926949123,0.0,-0.006413347993098031,-0.02421313660809934,0.0
26.45318316260513,-0.9782571873443667,0.13973653063159291,0.0,-0.006552209312547648,-0.024540609661383612,0.0
26.375338695456513,-0.9777416434861355,0.14165971163312974,0.0,-0.006693830661236565,-0.02487093775862145,0.0
26.29780568708648,-0.9772170744013999,0.14360091785925386,0.0,-0.006838237287142323,-0.02520406874714362,0.0
26.220580415111538,-0.9766833264127636,0.14556025378198398,0.0,-0.006985479828037993,-0.025540008386981644,0.0
26.143642809624794,-0.9761401262279812,0.1475382485119994,0.0,-0.007135642146249352,-0.025878834763851437,0.0
26.067009659923546,-0.975587456161073,0.14953448866598282,0.0,-0.007288737615297692,-0.02622046407743315,0.0
25.990667649942324,-0.9750250837932835,0.151549334302117,0.0,-0.007444839074277203,-0.026564944633805255,0.0
25.91461384424971,-0.9744528464098442,0.15358288109634977,0.0,-0.007604000235600688,-0.026912279018991198,0.0
25.83885766051351,-0.9738706743631563,0.15563488871373607,0.0,-0.00776624896345516,-0.027262412092806377,0.0
25.763373274907494,-0.9732782237231433,0.15770607337542045,0.0,-0.00793168969265962,-0.027615451483316133,0.0
25.688186412364082,-0.9726755499241864,0.15979574260087373,0.0,-0.008100315507100912,-0.02797126419350503,0.0
25.61326479981778,-0.9720622450706613,0.16190480688965722,0.0,-0.008272249123214143,-0.028329989846878286,0.0
25.538644727683323,-0.9714384571249394,0.16403225253339204,0.0,-0.008447457595386619,-0.028691440249878016,0.0
25.464292488294586,-0.9708037548455157,0.16617904358739075,0.0,-0.008626070540060883,-0.029055763027639996,0.0
25.39022438640726,-0.9701581224108511,0.16834471822440042,0.0,-0.008808100982185612,-0.02942286307922822,0.0
25.316415201885704,-0.9695011814292901,0.17053002427228758,0.0,-0.00899366420826282,-0.029792849924854994,0.0
25.242890922554253,-0.9688330038287635,0.17273419874894586,0.0,-0.009182748458338805,-0.0301655767082885,0.0
25.169637080105783,-0.9681533009335617,0.1749576718791734,0.0,-0.009375443857913297,-0.030541098154132345,0.0
25.096635389717523,-0.9674617354298314,0.17720100996197813,0.0,-0.0095718546563855,-0.030919491097972172,0.0
25.023911240325695,-0.9667583811228725,0.1794634365149994,0.0,-0.009771968413193333,-0.03130060535021605,0.0
24.951431911945864,-0.966042751436541,0.1817459738239638,0.0,-0.00997593209030645,-0.03168459332586567,0.0
24.87923452737526,-0.9653150430699912,0.18404745095968708,0.0,-0.010183698057128071,-0.03207123779795997,0.0
24.80728460876271,-0.9645747383281524,0.18636895997351022,0.0,-0.010395422470581034,-0.03246070149633416,0.0
24.735590598886006,-0.9638217446048637,0.18871023286697874,0.0,-0.010611140292976462,-0.03285291790778786,0.0
24.66416135865824,-0.9630559798575714,0.1910709708392024,0.0,-0.010830883303748375,-0.03324781508253454,0.0
24.592975913900435,-0.9622770390109888,0.19345186104847872,0.0,-0.011054776034976661,-0.033645485371194286,0.0
24.522046538861137,-0.9614848721049543,0.19585248830373259,0.0,-0.011282841123493825,-0.034045836155462486,0.0
24.45137001085492,-0.9606792607584723,0.1982729477894038,0.0,-0.011515149561504113,-0.03444885957311424,0.0
24.38093018281602,-0.9598598306291586,0.20071378644630186,0.0,-0.011751817476176854,-0.03485462209994927,0.0
24.310744810589856,-0.9590265973308318,0.2031743781173347,0.0,-0.01199284842827382,-0.03526299446130454,0.0
24.240801481587706,-0.9581792232444486,0.20565513992025722,0.0,-0.012238348007162945,-0.03567402015004776,0.0
24.171105939226614,-0.9573175841345477,0.2081558501976736,0.0,-0.012488360073954997,-0.036087635975831034,0.0
24.101637755441487,-0.956441226875662,0.21067722911909176,0.0,-0.012743023980467364,-0.03650393370195864,0.0
24.03240863900198,-0.9555500939718071,0.2132188403748654,0.0,-0.013002364259159668,-0.03692281312113945,0.0
23.96340855308011,-0.9546438502382539,0.21578103611981042,0.0,-0.01326648614342163,-0.03734430342482025,0.0
23.894652460454367,-0.953722486875808,0.2183632372234843,0.0,-0.013535399709032652,-0.03776827987567156,0.0
23.826125839598646,-0.9527856028700793,0.22096596114817998,0.0,-0.013809229364855157,-0.038194797253322005,0.0
23.75782087934861,-0.9518328745843468,0.22358948677981041,0.0,-0.014088077108530075,-0.038623869929273885,0.0
23.689750001908916,-0.9508642589530911,0.22623331210220232,0.0,-0.014371962757525903,-0.03905538378823627,0.0
23.621908884649045,-0.9498794802265631,0.2288975706645636,0.0,-0.014660974111289566,-0.039489327994082196,0.0
23.554293750660054,-0.9488782646061702,0.2315823774114276,0.0,-0.014955198402065944,-0.03992568768604753,0.0
23.486897630482424,-0.9478602838569361,0.23428797841792315,0.0,-0.015254738878691373,-0.04036446823864173,0.0
23.419725137825367,-0.9468253801909706,0.2370141550236888,0.0,-0.015559648594771236,-0.04080559868284242,0.0
23.35276785676137,-0.9457731933045509,0.23976121350084265,0.0,-0.015870040167906472,-0.04124909212361823,0.0
23.286030685008356,-0.9447035664875852,0.24252891554164377,0.0,-0.016185966115386925,-0.04169487267650876,0.0
23.219523066354817,-0.9436164228741636,0.24531681804855443,0.0,-0.0165074550888663,-0.04214283101280474,0.0
23.15321661725145,-0.9425110598608046,0.24812606753721667,0.0,-0.016834720751291204,-0.0425931120216359,0.0
23.087118042508042,-0.9413873385142633,0.25095634673898787,0.0,-0.017167810082498788,-0.0430456240274219,0.0
23.021254836638242,-0.9402454911041445,0.25380641738496595,0.0,-0.01750665953706576,-0.043500128153634895,0.0
22.95557673353534,-0.9390843981126061,0.25667840448206813,0.0,-0.01785160658756203,-0.043956920786625456,0.0
22.890124586108502,-0.9379045275349893,0.2595704731451718,0.0,-0.018202517262146656,-0.04441566634505508,0.0
22.824859052419814,-0.9367049150330692,0.26248430757740027,0.0,-0.01855968314778745,-0.044876587219722056,0.0
22.759818852925125,-0.9354860155240924,0.26541812047439634,0.0,-0.018922973293834446,-0.045339354873333654,0.0
22.69497327042429,-0.9342469993793341,0.26837322843324574,0.0,-0.01929263909546948,-0.04580413031997523,0.0
22.630323910925576,-0.9329876258824652,0.2713495046000417,0.0,-0.01966875643839455,-0.04627084494284845,0.0
22.56588709484765,-0.9317079500575579,0.27434612647841666,0.0,-0.02005131247628152,-0.04673932053948478,0.0
22.501635541244674,-0.9304071594525206,0.27736429428871,0.0,-0.020440553434907367,-0.047209693993004925,0.0
22.43759288269673,-0.9290854583292365,0.2804028268861123,0.0,-0.020836421216220896,-0.04768172917621075,0.0
22.373742052627623,-0.9277422226196229,0.28346245320464647,0.0,-0.021239105340853708,-0.04815548629457067,0.0
22.310087303449215,-0.9263772608649716,0.28654289253104187,0.0,-0.021648665538179547,-0.04863086715778373,0.0
22.24662478273855,-0.9249902082548043,0.2896442488031397,0.0,-0.022065213205569444,-0.049107831825899464,0.0
22.18335926612051,-0.9235808861216044,0.29276620013475074,0.0,-0.022488803516260408,-0.049586273567560055,0.0
22.120278572369138,-0.9221487339172745,0.2959092590306608,0.0,-0.022919606104218664,-0.05006621207858032,0.0
22.057387297117106,-0.9206935604235064,0.2990731078944464,0.0,-0.0233576792637064,-0.05054753835111867,0.0
21.994697547217374,-0.9192153597378309,0.30225703145665406,0.0,-0.023803024951067644,-0.051030082401132125,0.0
21.93218005881632,-0.9177131430084229,0.30546241656607726,0.0,-0.024255940925941896,-0.051513991089438355,0.0
21.869856017462563,-0.9161871136343056,0.3086880777446463,0.0,-0.024716365276508244,-0.05199902032660864,0.0
21.807708804491007,-0.9146365605620954,0.31193476681768806,0.0,-0.025184511402323598,-0.052485216755901794,0.0
21.745743927616044,-0.9130613078771391,0.31520209002746874,0.0,-0.02566043083485946,-0.05297245296676578,0.0
21.683967226134634,-0.9114611972889882,0.3184896192729531,0.0,-0.026144169179614346,-0.053460595695482636,0.0
21.62236728668335,-0.9098356210788374,0.3217978398274308,0.0,-0.026635907413327328,-0.053949645727944785,0.0
21.560942702966525,-0.9081842192425632,0.32512670845887,0.0,-0.02713575119290085,-0.05443952312457227,0.0
21.499688585917415,-0.9065065311478054,0.32847636988702344,0.0,-0.027643836127011292,-0.0549301736186826,0.0
21.438610980733756,-0.9048023924859993,0.3318463662479786,0.0,-0.028160207516359663,-0.0554214529399713,0.0
21.37770891239706,-0.9030714486036273,0.33523661403818944,0.0,-0.02868496767192887,-0.055913270274976105,0.0
21.31698351253117,-0.9013134030419734,0.3386469064693548,0.0,-0.029218200635251563,-0.056405515254533724,0.0
21.256421654779587,-0.8995275362309004,0.34207783931413804,0.0,-0.029760118194289177,-0.056898190970481925,0.0
21.196046044975,-0.8977141846876141,0.3455279712277159,0.0,-0.030310610981928717,-0.057391006342711666,0.0
21.135825865818752,-0.8958720817661878,0.3489989076013266,0.0,-0.03087005556267751,-0.05788410417399585,0.0
21.075774968530585,-0.8940012946557037,0.3524897002618592,0.0,-0.0314384228808053,-0.0583772602109126,0.0
21.0158899608846,-0.8921013684937716,0.3560003820359459,0.0,-0.03201584161023414,-0.058870388268377,0.0
20.95617802184439,-0.8901721839618851,0.3595303579973486,0.0,-0.03260233764104359,-0.059363312255641836,0.0
20.896624846451537,-0.8882129243856749,0.3630802980181304,0.0,-0.033198148047148136,-0.05985603064176479,0.0
20.837238970166094,-0.8862235098039085,0.36664951468702384,0.0,-0.033803285069509255,-0.060348350449974796,0.0
20.77801534449998,-0.8842034122582244,0.37023812305211345,0.0,-0.034417896286359786,-0.06084018813016972,0.0
20.718957326531992,-0.8821523848661391,0.37384572528892,0.0,-0.0350420428480403,-0.06133138747024881,0.0
20.660056287568512,-0.8800697605968215,0.37747265059134943,0.0,-0.03567591280330969,-0.06182188897325652,0.0
20.601314188974378,-0.8779552340735207,0.38111857771487095,0.0,-0.03631958315797859,-0.06231154206429824,0.0
20.542721161490004,-0.8758080664713379,0.38478391695157754,0.0,-0.0369732618295794,-0.06280029168843428,0.0
20.484299438392746,-0.8736287000678272,0.3884670584592498,0.0,-0.03763679607598147,-0.06328781180418738,0.0
20.426011483596703,-0.871415345831211,0.3921701530343704,0.0,-0.038310711378870196,-0.06377427186998844,0.0
20.367886501339,-0.8691687145846801,0.3958911278336367,0.0,-0.03899477093718981,-0.06425928110908315,0.0
20.309908930459923,-0.8668878194101374,0.3996307435717056,0.0,-0.03968925365941623,-0.06474281897136125,0.0
20.252081810647425,-0.8645723806446128,0.4033885696868026,0.0,-0.040394221859199025,-0.06522470627552539,0.0
20.19441156261434,-0.8622222652268878,0.40716393933968126,0.0,-0.04110969193395222,-0.0657047323754337,0.0
20.13688144072785,-0.8598363887810853,0.4109576982628448,0.0,-0.04183596855288857,-0.06618287590173372,0.0
20.079509571091016,-0.8574151019162222,0.41476839117616665,0.0,-0.04257291816695508,-0.06665882200367894,0.0
20.0222794147285,-0.8549573065451636,0.41859684690207405,0.0,-0.04332084676057767,-0.06713254016648162,0.0
19.965190428929287,-0.8524625596006822,0.4224428354728375,0.0,-0.04407985941082843,-0.0676038630917451,0.0
19.908247612081663,-0.849930664017363,0.42630574183728637,0.0,-0.04484998482463555,-0.06807257417004137,0.0
19.851448558735616,-0.8473610997548142,0.43018544004972925,0.0,-0.045631348388827694,-0.06853851425117158,0.0
19.7947820515591,-0.8447529297855598,0.43408240760121725,0.0,-0.04642420055334048,-0.06900159204741145,0.0
19.73825837681734,-0.8421061962796338,0.4379956397471534,0.0,-0.04722849234038104,-0.069461536297874,0.0
19.681878770999536,-0.8394205392552819,0.4419247361696373,0.0,-0.04804429535609366,-0.06991814648428363,0.0
19.625636228755287,-0.8366951999590863,0.44586986485952274,0.0,-0.04887180049142018,-0.07037128470524126,0.0
19.569522210859617,-0.8339293200391857,0.44983130551569905,0.0,-0.04971122680842088,-0.0708208201642994,0.0
19.513550537916558,-0.8311231424659905,0.45380774977248867,0.0,-0.05056245717405779,-0.07126643887977008,0.0
19.45771842833597,-0.828276103526616,0.45779904526127757,0.0,-0.0514256173870239,-0.07170795654813451,0.0
19.402005195501424,-0.8253866938484391,0.4618063263645501,0.0,-0.05230111756514243,-0.07214532431908689,0.0
19.346431943563328,-0.8224555539078171,0.46582772013337725,0.0,-0.05318871408835819,-0.07257815993191882,0.0
19.290992677016092,-0.8194819335133169,0.46986328518503534,0.0,-0.054088582666591944,-0.07300629069558591,0.0
19.23568271201519,-0.816465133613565,0.47391298371197305,0.0,-0.05500088104251578,-0.07342952818566285,0.0
19.18049946792446,-0.8134045560661396,0.47797661988032353,0.0,-0.055925733913550636,-0.07384766250526373,0.0
19.1254511498754,-0.810300206807022,0.4820531903592176,0.0,-0.056863081086196504,-0.0742603981770612,0.0
19.070522802139887,-0.8071507843824492,0.48614339681341173,0.0,-0.0578132545984454,-0.07466760885652038,0.0
19.015720343293925,-0.8039561578947811,0.4902463870650395,0.0,-0.05877623034705274,-0.07506900662443608,0.0
18.961047165669946,-0.800716068894992,0.4943614787337604,0.0,-0.05975202030628307,-0.07546431936671927,0.0
18.90649272056356,-0.7974294265099737,0.49848903024040464,0.0,-0.06074088428110389,-0.07585337059705158,0.0
18.852070917460015,-0.7940966091273344,0.5026275401759182,0.0,-0.06174263710884889,-0.07623580441071634,0.0
18.797758229801133,-0.790715703007788,0.5067783423466711,0.0,-0.06275777963494182,-0.07661152330663437,0.0
18.743582518235804,-0.7872879775447408,0.5109388379996148,0.0,-0.06378585363671024,-0.07698006793898324,0.0
18.689508882492202,-0.7838107500349166,0.5151112295554919,0.0,-0.06482758346662033,-0.0773414031662763,0.0
18.63556558200721,-0.7802853545361599,0.5192928501505696,0.0,-0.06588248596084698,-0.07769506178056551,0.0
18.581738289570012,-0.7767103950038586,0.5234843041483909,0.0,-0.06695089270818927,-0.07804085723246748,0.0
18.52802043030058,-0.7730849436584019,0.5276855956810628,0.0,-0.06803299086335575,-0.07837854243628198,0.0
18.47441557388168,-0.7694087471217019,0.5318959263091924,0.0,-0.06912876247285493,-0.07870780009924501,0.0
18.420930051492554,-0.7656817634633059,0.5361142615409242,0.0,-0.07023812344168032,-0.07902829376636028,0.0
18.36754842214012,-0.7619024276933052,0.5403412732126227,0.0,-0.07136143909165478,-0.07933981145691725,0.0
18.314282815965864,-0.7580711064287021,0.5445754430524244,0.0,-0.07249849618487819,-0.07964197221581369,0.0
18.26112782347234,-0.7541869323006092,0.5488166266724598,0.0,-0.07364944446314368,-0.07993449327231954,0.0
18.208085165698193,-0.7502495494355587,0.5530641004442477,0.0,-0.07481427772265964,-0.08021704593363888,0.0
18.155142793834194,-0.7462575667226286,0.5573182333912726,0.0,-0.07599329135974262,-0.0804893674390586,0.0
18.102307043209404,-0.7422109580492167,0.5615779088061068,0.0,-0.07718637254758745,-0.08075109163198828,0.0
18.049579810142788,-0.7381093826706494,0.5658423484939447,0.0,-0.07839349750368992,-0.08100187284367724,0.0
17.996956170611398,-0.7339519697063274,0.5701113121245738,0.0,-0.07961479382847444,-0.08124139235131216,0.0
17.944443050861068,-0.7297387861067469,0.5743835840281671,0.0,-0.08085010890864168,-0.08146927220702742,0.0
17.89203574388145,-0.7254689823170918,0.578658877965403,0.0,-0.08209955455896355,-0.0816851822603392,0.0
17.83971995560726,-0.7211408906540924,0.5829376821470382,0.0,-0.08336347552281025,-0.08188881956656709,0.0
17.787509151857417,-0.7167551248008381,0.5872182022775178,0.0,-0.08464154446487396,-0.08207976451702002,0.0
17.735396740662008,-0.7123106483246012,0.591500268271298,0.0,-0.08593391087665399,-0.08225767137444767,0.0
17.683382221831415,-0.7078069272048525,0.5957831971082017,0.0,-0.08724057189643619,-0.08242216446375024,0.0
17.63146541039306,-0.7032434578986853,0.6000662642337661,0.0,-0.08856151021924928,-0.0825728617364087,0.0
17.57964480259762,-0.6986196228453512,0.6043488383134137,0.0,-0.08989673572697408,-0.08270937931162001,0.0
17.527912157750013,-0.6939341875241642,0.6086308307018814,0.0,-0.09124642962655118,-0.0828313416937085,0.0
17.47627989154806,-0.6891877915815561,0.6129104267684702,0.0,-0.09261022713473177,-0.08293831919362837,0.0
17.424739513623837,-0.6843791839931017,0.617187526001662,0.0,-0.09398830179525056,-0.08302992579242993,0.0
17.37328298371199,-0.6795071166547209,0.6214619769529783,0.0,-0.09538081770606763,-0.0831057599839036,0.0
17.32192341941384,-0.6745723509967233,0.6257318534955806,0.0,-0.09678735807662847,-0.08316538408068305,0.0
17.27064214236995,-0.6695726070682634,0.629997855050949,0.0,-0.0982083666238427,-0.08320839386625042,0.0
17.219459727093962,-0.6645094172279861,0.6342573991322594,0.0,-0.09964319551793949,-0.08323434245587012,0.0
17.16836433583153,-0.6593811635517979,0.6385105819728807,0.0,-0.1010920854261878,-0.08324280597363352,0.0
17.11734642044749,-0.6541864029347747,0.6427572922028605,0.0,-0.10255521675468278,-0.08323334064023424,0.0
17.066412812986023,-0.6489253486701555,0.6469960365562418,0.0,-0.10403229471636634,-0.08320549623293948,0.0
17.01555735109055,-0.643596892003403,0.651226384584116,0.0,-0.10552338872783493,-0.08315881357318691,0.0
16.964792122160983,-0.638201849799254,0.6554463694196329,0.0,-0.10702802186229553,-0.08309284692897356,0.0
16.9140963641539,-0.6327375561077264,0.6596567359208851,0.0,-0.10854668041113157,-0.08300710315991189,0.0
16.86349476296289,-0.6272062315500441,0.6638544346918752,0.0,-0.11007848296368741,-0.08290115617585309,0.0
16.812964655656312,-0.6216049738753794,0.6680403277620541,0.0,-0.11162396139887457,-0.08277448787191453,0.0
16.762518803172927,-0.6159347612076678,0.6722123194873145,0.0,-0.11318256433514176,-0.08262664978856984,0.0
16.712131657463157,-0.6101922668124454,0.676371461497234,0.0,-0.11475491399775413,-0.08245707438992468,0.0
16.66181972241227,-0.6043789068859873,0.6805153078171126,0.0,-0.11634032009812137,-0.08226531472628329,0.0
16.611588882112656,-0.5984949618330463,0.684642275934469,0.0,-0.11793839900161085,-0.08205090203448234,0.0
16.561431465466185,-0.592539142513775,0.6887518780612335,0.0,-0.11954918446515309,-0.08181330806319512,0.0
16.511332915235116,-0.5865092896560703,0.6928441609389561,0.0,-0.12117293036800737,-0.08155194951557349,0.0
16.461307085162836,-0.5804066519669268,0.6969168257186634,0.0,-0.12280896065392585,-0.08126638062049797,0.0
16.411360072653583,-0.5742316178349643,0.7009681964206383,0.0,-0.12445682611431494,-0.08095613013108768,0.0
16.361465071088684,-0.5679804817173607,0.7049992377967794,0.0,-0.12611715594633938,-0.08062050732037136,0.0
16.31164318257092,-0.5616554974240151,0.709007011533098,0.0,-0.12778898039374434,-0.08025912315417444,0.0
16.26187947282527,-0.5552544103515932,0.7129914669747942,0.0,-0.12947251521281464,-0.07987134084631328,0.0
16.212189604189753,-0.5487788952877685,0.7169500776199794,0.0,-0.1311669294353954,-0.07945675296136058,0.0
16.162556319561904,-0.5422263768352532,0.7208829234530038,0.0,-0.13287249518567298,-0.07901468319230648,0.0
16.112983679824826,-0.5355970490810703,0.7247883579404725,0.0,-0.134588745543616,-0.07854462305377995,0.0
16.06347226083489,-0.5288906775122735,0.7286649921736605,0.0,-0.13631531468367838,-0.07804603631272865,0.0
16.014020150490108,-0.522106707574967,0.7325116096355982,0.0,-0.1380519068592179,-0.07751836028616207,0.0
15.964624768915382,-0.5152444982294357,0.7363270194711662,0.0,-0.13979823444608985,-0.07696101975635139,0.0
15.915279388996343,-0.5083028241510731,0.7401103198277657,0.0,-0.1415541424192051,-0.07637338254485988,0.0
15.865996328885439,-0.5012831636194792,0.7438591274434089,0.0,-0.1433187793803837,-0.07575504479424178,0.0
15.816764707005174,-0.49418373820655365,0.7475728103963344,0.0,-0.14509210275044504,-0.07510532173717213,0.0
15.767578516191227,-0.48700343133719304,0.7512503237374534,0.0,-0.14687388299320478,-0.07442357065988449,0.0
15.718443846704986,-0.4797429056624967,0.7548896912024099,0.0,-0.14866343387606482,-0.07370931417059993,0.0
15.669369762395963,-0.4724033394038466,0.7584887143341198,0.0,-0.15045993537785388,-0.0729621399585439,0.0
15.620326149894618,-0.4649800364596992,0.7620480288423274,0.0,-0.15226398547762465,-0.07218102639111715,0.0
15.571338884188055,-0.4574767358416349,0.7655641567144942,0.0,-0.1540741082909774,-0.07136582119576668,0.0
15.522385280182872,-0.44988982108326087,0.7690371063647985,0.0,-0.15589059565639382,-0.07051558930359274,0.0
15.473484046112478,-0.4422220671133307,0.7724639035356666,0.0,-0.15771218636752757,-0.06963009819136146,0.0
15.424616053515676,-0.43447037783180203,0.7758442180355978,0.0,-0.15953900380269534,-0.06870844830026132,0.0
15.375801865179211,-0.4266379522436641,0.7791749370700942,0.0,-0.1613696675856279,-0.06775048168953217,0.0
15.327009758282628,-0.41871963775355203,0.7824564960217065,0.0,-0.16320473463174437,-0.06675502325164097,0.0
15.278254289626892,-0.41071771884980884,0.7856861386037759,0.0,-0.16504300390469395,-0.06572180408798153,0.0
15.22953658602297,-0.4026323786183448,0.7888620134133723,0.0,-0.16688375301640457,-0.06465030800308003,0.0
15.18085505531679,-0.39446338368196915,0.7919824248379768,0.0,-0.16872633820950841,-0.06353996776464958,0.0
15.132203697358923,-0.3862097721266951,0.7950459237564236,0.0,-0.17057025890512537,-0.062390114189363736,0.0
15.083563066271587,-0.37786825567413773,0.7980518343422979,0.0,-0.17241550079877915,-0.06119973326455313,0.0
15.034975466397448,-0.36944620040568343,0.8009956600387487,0.0,-0.17425968098728423,-0.059969345307787365,0.0
14.986379284453957,-0.360933022629711,0.8038791931092677,0.0,-0.17610433401585804,-0.05869686155898288,0.0
14.93783005686733,-0.35233857036890587,0.80669716465599,0.0,-0.17794652157345636,-0.05738321242007832,0.0
14.889297527138499,-0.34365771726618943,0.809449384022455,0.0,-0.17978653498382563,-0.05602710170369327,0.0
14.840775986853334,-0.3348896148591766,0.8121341353074347,0.0,-0.1816237052960824,-0.05462785925729678,0.0
14.792278332509252,-0.3260368294871916,0.8147486582727962,0.0,-0.18345663148765645,-0.05318537122458591,0.0
14.743788154798587,-0.31709663680048045,0.8172917618464368,0.0,-0.1852849923988794,-0.05169867534668211,0.0
14.6953055593658,-0.3080693287263155,0.8197613076224918,0.0,-0.18710781187934014,-0.05016729572871477,0.0
14.64684826723854,-0.2989585736494479,0.8221542801171318,0.0,-0.1889234256845337,-0.048591356543183584,0.0
14.598392940355453,-0.2897603859737051,0.8244696865020454,0.0,-0.1907316803776521,-0.04696967546887196,0.0
14.549936572682467,-0.28047457625581573,0.8267054422638038,0.0,-0.19253162488806372,-0.045301712517092224,0.0
14.501503728206051,-0.2711063431422713,0.8288582202938947,0.0,-0.1943212595677287,-0.04358792739497722,0.0
14.453065822352418,-0.261650691447149,0.8309270695527483,0.0,-0.19610052276148435,-0.04182694119384549,0.0
14.404628765828711,-0.2521093029750689,0.8329094399617345,0.0,-0.19786804238980873,-0.040018593986232295,0.0
14.35620594813605,-0.24248545093162593,0.8348025212572079,0.0,-0.19962215203795686,-0.038163066298675455,0.0
14.307763730653749,-0.23277309003092453,0.8366052947161665,0.0,-0.2013628541843424,-0.03625874850234726,0.0
14.259332135521603,-0.22297892981791642,0.8383142846376102,0.0,-0.20308782246015958,-0.03430652517502361,0.0
14.210894222005393,-0.21310033001835255,0.839927754213309,0.0,-0.20479638868749506,-0.03230546940410346,0.0
14.162451928035653,-0.20313849528259117,0.8414432483344129,0.0,-0.20648717587594895,-0.030255428541703332,0.0
14.114001778410664,-0.1930935809336903,0.8428584690883497,0.0,-0.20815896601322623,-0.028156056104615343,0.0
14.0655572192509,-0.18296933534309162,0.8441706394636929,0.0,-0.20980993300403936,-0.026007788021436443,0.0
14.017105228932452,-0.17276406580172765,0.8453777225370984,0.0,-0.2114391305969551,-0.023809940323614817,0.0
13.968651423719834,-0.16248003383519774,0.8464771600831728,0.0,-0.21304494751270134,-0.021562691457283248,0.0
13.920201436651462,-0.15211961040287575,0.8474664409758803,0.0,-0.21462575619073287,-0.019266287022859284,0.0
13.871751860573598,-0.1416833179725173,0.8483432595596146,0.0,-0.21618020340518812,-0.016920598781871837,0.0
13.823330560858025,-0.1311785375237327,0.8491048268344049,0.0,-0.21770592806482575,-0.014527093862143571,0.0
13.7749240822096,-0.12060383202675794,0.8497491303026181,0.0,-0.21920187903384306,-0.012085296451677042,0.0
13.72655361998035,-0.10996540052636734,0.8502737063981682,0.0,-0.2206659158326115,-0.009596527781980847,0.0
13.678220990313156,-0.0992653312725493,0.8506764574742355,0.0,-0.22209650489212632,-0.007061220841445033,0.0
13.62996019285822,-0.08851298368208639,0.8509551830592358,0.0,-0.22349118689741232,-0.004481606270692169,0.0
13.581768281405598,-0.07770966286182415,0.8511081340025537,0.0,-0.22484862045956136,-0.001858074840642348,0.0
13.533680870577122,-0.06686544021637811,0.851133598285896,0.0,-0.22616641117591638,0.0008067830530767371,0.0
13.485687659391653,-0.05598018694581841,0.8510301273976315,0.0,-0.2274434822624262,0.003512794214606413,0.0
13.437850779569139,-0.04507033877934291,0.8507966634315544,0.0,-0.2286768931852691,0.006255581958932638,0.0
13.39014569521151,-0.03413275853230461,0.8504321070143191,0.0,-0.2298660504756571,0.009035572120065139,0.0
13.34263524294652,-0.023184416165364832,0.8499361843634917,0.0,-0.2310082328537973,0.011848016708887322,0.0
13.295316623110452,-0.012227363128463037,0.8493084359608517,0.0,-0.23210245940388383,0.014691862749217213,0.0
13.248226932680174,-0.0012729616809820936,0.848549148186733,0.0,-0.2331469052938266,0.017563569776081332,0.0
13.201378946047857,0.009672954104113228,0.8476586180381056,0.0,-0.23414042988191258,0.020460939026702325,0.0
13.15479238797618,0.02060286273073509,0.8466375393714384,0.0,-0.2350818494926076,0.023381250265578395,0.0
13.108463092134059,0.031514811572325524,0.8454862966835415,0.0,-0.2359705541210825,0.026323209141504957,0.0
13.062419022212561,0.042399263965927456,0.8442062560523285,0.0,-0.23680540117299892,0.02928342334929435,0.0
13.016641177776734,0.05325776623911599,0.8427976909536272,0.0,-0.23758619641629825,0.032261457828256526,0.0
12.971145345770234,0.06408365412912861,0.8412619655976107,0.0,-0.23831218215572253,0.035254606205172685,0.0
12.925931767549876,0.07487395747562893,0.839600128671301,0.0,-0.23898294916975035,0.03826113138480046,0.0
12.880999573411103,0.08562600135190289,0.8378132757805214,0.0,-0.23959816222544897,0.04127934952241097,0.0
12.836344894924267,0.0963378656920285,0.8359024479507571,0.0,-0.24015757701256527,0.04430776453697746,0.0
12.791963232915263,0.10700782547242872,0.8338686969343364,0.0,-0.24066099738856989,0.04734491642212367,0.0
12.747853883720534,0.11763328568936803,0.8317132970683488,0.0,-0.24110822930432768,0.05038907744307553,0.0
12.704012126878835,0.12821266095690106,0.8294373840598729,0.0,-0.2414991687868685,0.053438788437134906,0.0
12.660426167988156,0.13874612397021907,0.827041719511453,0.0,-0.24183379883436004,0.05649308591266693,0.0
12.617101609716624,0.14922969071550418,0.8245280384203175,0.0,-0.2421120027469101,0.05954978699440558,0.0
12.574020874480423,0.15966503047243363,0.8218967730467776,0.0,-0.24233385690847098,0.06260833996445947,0.0
12.531188271726263,0.1700485619938918,0.8191496564155568,0.0,-0.24249933716484423,0.06566664706754102,0.0
12.488593801307262,0.18038021583356845,0.816287567923481,0.0,-0.24260852878322742,0.0687236260701643,0.0
12.44623453237033,0.19065825523682403,0.8133118477734618,0.0,-0.24266152031182361,0.07177769175906197,0.0
12.404101312142446,0.20088249831083055,0.8102234090511719,0.0,-0.24265843979014642,0.07482770865865854,0.0
12.362188754760044,0.21105189365893903,0.8070234194937298,0.0,-0.24259943370520148,0.07787227258556292,0.0
12.320492853518264,0.22116509876888507,0.8037131645736677,0.0,-0.24248468348283708,0.08090987975885411,0.0
12.279008036248946,0.2312211940126919,0.8002938201532166,0.0,-0.24231440043394936,0.08393914096772141,0.0
12.237729210803678,0.2412191857217257,0.7967666056009949,0.0,-0.24208882746138707,0.08695863316015498,0.0
12.196652592564902,0.2511578058911185,0.7931328645575942,0.0,-0.24180824828297942,0.0899668384283298,0.0
12.155772329561078,0.2610363286820671,0.7893937699081128,0.0,-0.24147296619088562,0.09296239110064482,0.0
12.115085589719023,0.2708533399957171,0.7855507800740691,0.0,-0.24108334190643815,0.09594370522859838,0.0
12.074587953139599,0.2806078518800821,0.7816052274320665,0.0,-0.2406397605661124,0.09890931231152297,0.0
12.034275192607627,0.2902988715209637,0.7775584752378788,0.0,-0.24014264386958706,0.10185773102676397,0.0
11.994144553158135,0.2999250948363096,0.7734120538197552,0.0,-0.23959246973929363,0.10478737406187773,0.0
11.95419210256412,0.3094855438443057,0.7691673959687461,0.0,-0.23898974058895545,0.10769674230141063,0.0
11.9144156526635,0.3189788670323098,0.7648261420553277,0.0,-0.23833502525511788,0.11058421231450019,0.0
11.874810893171418,0.32840426407764023,0.7603897257499868,0.0,-0.23762889931307737,0.11344831802354557,0.0
11.835375973204828,0.3377603933019017,0.7558598756536534,0.0,-0.23687202158065768,0.11628741884087813,0.0
11.796108451575336,0.3470461011505125,0.7512382862156034,0.0,-0.23606508605765264,0.1190999221307401,0.0
11.757005406928062,0.3562603946017375,0.7465266218752682,0.0,-0.23520882030444762,0.12188427501537343,0.0
11.718064584712895,0.3654021707774367,0.7417266525175233,0.0,-0.23430400955672034,0.12463888295619607,0.0
11.679284699450978,0.37447014985638327,0.7368403003319737,0.0,-0.23335150870614516,0.12736209074846463,0.0
11.64066276776144,0.383463500165805,0.731869305102972,0.0,-0.232352177760204,0.13005237097587466,0.0
11.602199779300447,0.39238051857575873,0.7268159530278345,0.0,-0.2313070283625736,0.13270792994786107,0.0
11.56389094168931,0.4012208981306114,0.7216818080124452,0.0,-0.23021696529190497,0.13532738519675683,0.0
11.525736607249582,0.4099831940703543,0.7164691418640661,0.0,-0.22908308102981667,0.13790901097421218,0.0
11.487732973999258,0.4186669727741109,0.7111796937613588,0.0,-0.22790639419797,0.14045137612719086,0.0
11.449882513464551,0.42727042414861494,0.7058161071124073,0.0,-0.2266881656123647,0.14295264369845845,0.0
11.412180417524668,0.435793456191336,0.70038003574106,0.0,-0.22542947524990925,0.1454114762618527,0.0
11.374629567445089,0.4442342950012806,0.6948742659672612,0.0,-0.22413170462397036,0.14782604895686408,0.0
11.337226072867479,0.45259275738249777,0.6893006360801518,0.0,-0.22279605636374228,0.15019499525974264,0.0
11.29996857116712,0.4608681475469212,0.6836613728846584,0.0,-0.22142386276978032,0.15251679989233405,0.0
11.262856315270655,0.46905969534651676,0.6779588244706851,0.0,-0.2200165261792311,0.15478992805887853,0.0
11.225889949324426,0.477166391791448,0.6721955876900173,0.0,-0.21857555238412318,0.15701278335377453,0.0
11.189064585015256,0.485188503237863,0.6663734196605855,0.0,-0.21710227653263842,0.15918412098644485,0.0
11.15238469674396,0.4931243195829387,0.6604955795966528,0.0,-0.21559845292218685,0.16130216408012257,0.0
11.115846263402107,0.5009740483282844,0.65456400876539,0.0,-0.2140655421305377,0.16336565982110116,0.0
11.079451135224426,0.5087366973964,0.6485816167583017,0.0,-0.21250529251456235,0.1653730429616238,0.0
11.0431930159706,0.516413078038254,0.6425499936203825,0.0,-0.2109191467218265,0.16732321986184695,0.0
11.007075552274241,0.5240019541795314,0.6364723908260689,0.0,-0.20930902046068384,0.16921457739216972,0.0
10.9710928458939,0.5315041699676422,0.6303504808894234,0.0,-0.20767645078079242,0.17104603218425954,0.0
10.935248749745371,0.5389185968818646,0.624187603477166,0.0,-0.20602345563686061,0.17281602175945282,0.0
10.899541422255762,0.5462453710318189,0.6179861548273907,0.0,-0.2043518402124894,0.17452330613284112,0.0
10.863970606925447,0.553484371018329,0.6117488190881687,0.0,-0.20266352391412715,0.17616659339932333,0.0
10.828531109984203,0.5606365423376146,0.6054774208394452,0.0,-0.2009602293714894,0.17774483778138692,0.0
10.793228478207766,0.5677007316826643,0.5991756964450947,0.0,-0.19924423466243277,0.17925653955385365,0.0
10.758057033710895,0.5746781179755094,0.592845404147113,0.0,-0.19751731642556752,0.18070072110319563,0.0
10.72301872989549,0.5815684241784914,0.5864896745003915,0.0,-0.19578166052819598,0.182076104427798,0.0
10.68811344274639,0.5883718674688486,0.5801112819227995,0.0,-0.1940393912166611,0.18338153445131541,0.0
10.65333430594324,0.5950900384590655,0.5737117675122717,0.0,-0.1922923308046869,0.1846161213668274,0.0
10.618686098846682,0.6017223386634087,0.5672948142713649,0.0,-0.1905429213160965,0.18577857569630649,0.0
10.584165603335896,0.6082697909408429,0.5608626431272352,0.0,-0.1887932399993476,0.18686792276065306,0.0
10.54977289920251,0.6147328569310084,0.5544180893382488,0.0,-0.18704556565811054,0.18788310086980528,0.0
10.515505899096565,0.6211124786251468,0.5479635867837359,0.0,-0.18530210198260394,0.18882313887134516,0.0
10.481363084200966,0.6274095573750659,0.541501675813681,0.0,-0.1835651158477681,0.1896870666798853,0.0
10.447349638733623,0.6336238434560181,0.5350361739246839,0.0,-0.181837248538007,0.19047378549560684,0.0
10.413457332690541,0.6397576172366825,0.5285683530382131,0.0,-0.18012049250813192,0.19118254026504047,0.0
10.37968784868498,0.6458114122397908,0.5221013659860344,0.0,-0.17841737691532777,0.1918123604296951,0.0
10.34604383460959,0.6517856810688707,0.5156385576271976,0.0,-0.17673050903755133,0.19236230737711757,0.0
10.312516559711424,0.6576829639660644,0.5091810839717641,0.0,-0.1750619581313378,0.19283164461323032,0.0
10.279117908541027,0.6635022460761614,0.5027340683361914,0.0,-0.1734148497914367,0.19321936886740013,0.0
10.245833838572011,0.6692471220775347,0.4962976314357059,0.0,-0.17179105587726803,0.1935248289389093,0.0
10.21267391714047,0.674917154913343,0.4898764489472648,0.0,-0.17019363812806307,0.19374713704233767,0.0
10.179631065511414,0.6805148526108196,0.4834719731390598,0.0,-0.168624875376076,0.19388557955803265,0.0
10.14671130793871,0.6860405663744915,0.4770881884937131,0.0,-0.16708769941781862,0.19393939621172168,0.0
10.113907744220331,0.6914969006577998,0.4707265673942377,0.0,-0.1655844593825933,0.1939078892544563,0.0
10.081227268671018,0.6968842306860118,0.4643912491264654,0.0,-0.16411816502816667,0.19379038579397348,0.0
10.04866042874077,0.702205706680908,0.4580831955123099,0.0,-0.1626911120484825,0.1935861910578855,0.0
10.01621513428677,0.7074616997205031,0.45180672329648364,0.0,-0.1613063896422838,0.19329471665302506,0.0
9.983885948231986,0.7126548339891605,0.4455635539513615,0.0,-0.1599665237586639,0.19291531439543244,0.0
9.95167703581767,0.7177862547337417,0.43935725323386143,0.0,-0.1586744644715786,0.19244745757261392,0.0
9.919582859091514,0.7228587290764371,0.43318950352006247,0.0,-0.1574327861569333,0.19189051308839059,0.0
9.887607074179877,0.7278736327653889,0.4270637442492699,0.0,-0.15624444516084904,0.19124401270183097,0.0
9.855753475084358,0.7328324090890587,0.4209834165847124,0.0,-0.15511239213737502,0.19050756287896126,0.0
9.824018772105335,0.7377376789773243,0.4149505885825451,0.0,-0.1540393272655348,0.1896806496905525,0.0
9.79240490029217,0.7425913182314956,0.4089683064541043,0.0,-0.15302814256221617,0.18876291053976788,0.0
9.760901761781902,0.7473971076916818,0.40303732982514867,0.0,-0.152081369490155,0.1877536336621001,0.0
9.729526124071526,0.7521547962750311,0.39716345548324283,0.0,-0.15120234860510748,0.18665299976630795,0.0
9.698263579332096,0.7568689442609359,0.3913466010089916,0.0,-0.15039350476632724,0.185460190581859,0.0
9.667126235578973,0.7615401611991034,0.3855916137037757,0.0,-0.14965798073383652,0.18417537942471124,0.0
9.63610932175817,0.7661716682773181,0.37990016754345135,0.0,-0.1489984591218384,0.18279815095939958,0.0
9.605220710631286,0.770764856535166,0.3742762281009428,0.0,-0.14841787532231823,0.1813286893992059,0.0
9.57445599551676,0.7753230069461452,0.36872147653293164,0.0,-0.14791888054792787,0.17976667666156998,0.0
9.543814108980014,0.7798489525110742,0.3632381844164099,0.0,-0.14750418619228417,0.17811196650640973,0.0
9.513304268961248,0.7843440629073387,0.3578304123216004,0.0,-0.14717658001215675,0.17636504942113904,0.0
9.482922209718824,0.7888117478826062,0.35249976645438896,0.0,-0.14693861802447222,0.17452574629071213,0.0
9.452669482597209,0.7932546031669159,0.347248850078782,0.0,-0.14679287754879944,0.17259425423700833,0.0
9.422549350059263,0.7976750155396192,0.34208050668322204,0.0,-0.1467418612963158,0.17057096325569385,0.0
9.39255737846196,0.8020765387159301,0.3369962141412745,0.0,-0.14678798901100806,0.168455809440935,0.0
9.362706943137006,0.8064601448025022,0.33200040515869866,0.0,-0.1469335471010429,0.16625007700329386,0.0
9.332997566093043,0.8108288631957576,0.3270950739097731,0.0,-0.14718069056201075,0.16395420284219167,0.0
9.303423470262818,0.8151865251337661,0.3222813095409901,0.0,-0.14753154974796037,0.16156825105966793,0.0
9.273997342357173,0.8195342552467367,0.3175631408529504,0.0,-0.14798790335644296,0.15909386487894964,0.0
9.244714949296926,0.8238756772666014,0.3129417642842146,0.0,-0.14855156858772345,0.15653142888556698,0.0
9.21558201472121,0.8282129414981134,0.3084198908241654,0.0,-0.14922402929304468,0.15388227328158818,0.0
9.186604397970374,0.8325481581795925,0.30400012715010233,0.0,-0.15000651026063405,0.1511479038144864,0.0
9.157778265820932,0.8368848676948765,0.2996835090815755,0.0,-0.1509002759676219,0.1483290285011437,0.0
9.129114593817935,0.841224354455043,0.2954731985912858,0.0,-0.15190589546115915,0.14542791483130102,0.0
9.100614543789458,0.845569329362377,0.29137075691672165,0.0,-0.15302393156335842,0.14244602479019866,0.0
9.072282668931438,0.8499219335380221,0.28737812485565806,0.0,-0.1542545172717968,0.13938529488243642,0.0
9.044127473493544,0.8542836192926373,0.2834976434048104,0.0,-0.15559723032720119,0.1362482536876577,0.0
9.016156224674587,0.8586559227414805,0.2797312953680206,0.0,-0.15705126131380867,0.13303747811067446,0.0
8.988373330651989,0.8630407124983493,0.27608050805060347,0.0,-0.15861550626289506,0.12975536891006703,0.0
8.960793248583991,0.867438127416058,0.2725478272083286,0.0,-0.16028778989616016,0.1264056799290223,0.0
8.933415860527177,0.8718504636344159,0.26913371396024977,0.0,-0.16206627413484287,0.12299055530045505,0.0
8.906257090749484,0.876277267139393,0.26584044884000285,0.0,-0.1639475608089502,0.11951423941052372,0.0
8.879325855160177,0.8807189897768843,0.26266917630332803,0.0,-0.16592806996162202,0.11598025049641933,0.0
8.852624738774464,0.8851769227281245,0.2596200998261064,0.0,-0.1680041183528767,0.11239133000171633,0.0
8.826170308203189,0.8896497906364024,0.2566948046564958,0.0,-0.1701703322859616,0.10875213591205783,0.0
8.799971475531489,0.8941373131773587,0.2538937297296556,0.0,-0.17242125903195016,0.10506634691330977,0.0
8.77402737264671,0.8986406434979144,0.25121609269277895,0.0,-0.17475171998097466,0.10133619245188176,0.0
8.748350713795984,0.9031583326975319,0.2486623563496652,0.0,-0.17715477301301605,0.09756572609700685,0.0
8.722941162534593,0.9076909400800299,0.24623148072037418,0.0,-0.1796241132648665,0.09375695575185004,0.0
8.697799288142825,0.9122386426308172,0.2439224324718347,0.0,-0.18215290002986229,0.0899117545011674,0.0
8.672926721525736,0.9168011908616956,0.241734190234507,0.0,-0.1847337490092653,0.08603185346177243,0.0
8.648319834287118,0.9213790763007592,0.23966521465089954,0.0,-0.18735943406638778,0.08211779818419719,0.0
8.623979748976657,0.9259716976195075,0.23771434483788295,0.0,-0.19002189256746257,0.07817046347630079,0.0
8.599904451384509,0.9305788184367244,0.2358801310186771,0.0,-0.19271310334738737,0.07418977178424943,0.0
8.57609310192275,0.93519976916832,0.23416121111794547,0.0,-0.19542468628145393,0.07017534328236068,0.0
8.552555540745656,0.9398315519574295,0.2325569277576504,0.0,-0.19814685002688878,0.0661281392295872,0.0
8.529297475091456,0.9444716765918473,0.23106620288463528,0.0,-0.20087014390431068,0.062048009924025004,0.0
8.506332353123245,0.9491158079639506,0.22968831819176436,0.0,-0.2035841896179825,0.0579357790279381,0.0
8.483674122456476,0.9537591673765654,0.22842237304732424,0.0,-0.20627863620632436,0.053792080179166216,0.0
8.461335246770187,0.9583969574176614,0.22726717959909037,0.0,-0.20894354094473563,0.0496170512036498,0.0
8.439327312251422,0.9630242747555019,0.2262213234362842,0.0,-0.21156944149382065,0.045410501147504924,0.0
8.417654962947923,0.9676374450744903,0.2252829326227707,0.0,-0.21414820801142243,0.041170789096541295,0.0
8.396317640293274,0.9722337613309843,0.224449888094364,0.0,-0.21667292978519911,0.03689512279430911,0.0
8.37530830876198,0.9768118527241092,0.2237198919824553,0.0,-0.21913811770225683,0.03257926879628072,0.0
8.354617750385264,0.9813708339567813,0.2230907271555517,0.0,-0.22153921451678787,0.028218394953393806,0.0
8.334226900958512,0.985912064548045,0.22256012091884658,0.0,-0.22387346517574824,0.02380541289053754,0.0
8.314119144148762,0.9904364955082077,0.22212620037616082,0.0,-0.22613844716844878,0.019333527967714984,0.0
8.294271134054515,0.9949467447502149,0.22178730377626907,0.0,-0.22833306628321343,0.014794234124967972,0.0
8.274659966004295,0.9994455225332294,0.22154220987806403,0.0,-0.23045667094637098,0.01017884467941096,0.0
8.255260536578508,1.0039362406504133,0.22139011994214242,0.0,-0.23250927697216967,0.005477878117424017,0.0
8.236046663610848,1.0084227700382717,0.22133071906971863,0.0,-0.23449136455522626,0.0006812744211587766,0.0
8.216993066351716,1.0129089782929157,0.22136420602254506,0.0,-0.23640360269282323,-0.004221128026370449,0.0
8.198069469732731,1.0174001191885595,0.22149134029816883,0.0,-0.23824736217920217,-0.009241150620343577,0.0
8.179238733280284,1.0219033187301982,0.2217136143562724,0.0,-0.2400247473683862,-0.014393013593400027,0.0
8.160477766822801,1.0264225660231616,0.22203304999080212,0.0,-0.24173654297210406,-0.01968766878803382,0.0
8.141757566012167,1.030963439503568,0.22245235846506628,0.0,-0.24338409545344955,-0.02513811366071857,0.0
8.12305319174814,1.0355307003077634,0.2229748232635689,0.0,-0.24496832552596423,-0.030756629594977606,0.0
8.104340285603243,1.0401291067811096,0.2236043464908048,0.0,-0.24649001016213576,-0.036555705149575395,0.0
8.085590633731218,1.044764498328606,0.22434565355746108,0.0,-0.24795006762040764,-0.042549457560515244,0.0
8.066781357301208,1.0494415182558137,0.22520400021553358,0.0,-0.2493487580379945,-0.04875075856106986,0.0
8.047882960865786,1.0541665582100461,0.22618570808155797,0.0,-0.2506865351937103,-0.05517509655071927,0.0
8.028870392900634,1.0589449995349365,0.22729774045587994,0.0,-0.2519631340441265,-0.06183699030589547,0.0
8.009716868803602,1.0637827305297858,0.2285480325713472,0.0,-0.2531779568843087,-0.06875202156973476,0.0
7.990389352166639,1.0686872869461477,0.22994594950205696,0.0,-0.254330221303389,-0.07593862880620564,0.0
7.970848724772314,1.073667820540231,0.23150256704163327,0.0,-0.25541873988362823,-0.08341837754111694,0.0
7.951067179032994,1.0787306411382551,0.23322940742805212,0.0,-0.2564408297193673,-0.0912093451201653,0.0
7.9309953139728355,1.0838875953093983,0.23514136084059267,0.0,-0.2573939216067431,-0.09933898712592353,0.0
7.910596664999802,1.0891472098054464,0.2372539604686096,0.0,-0.2582735479142885,-0.10783075656905275,0.0
7.889816807463648,1.094522588808479,0.23958658400439736,0.0,-0.2590745846947944,-0.11671672825888531,0.0
7.868617188520713,1.1000226357572789,0.24215915752709855,0.0,-0.2597895763946318,-0.1260235261715704,0.0
7.846962505954793,1.1056552116733396,0.24499331657517381,0.0,-0.2604092313203629,-0.13577711110045934,0.0
7.824859708407659,1.1114168739004582,0.24810671135869983,0.0,-0.2609214867458401,-0.14598427832248373,0.0
7.802362130096543,1.1172916260088501,0.25151026080287586,0.0,-0.2613124724156247,-0.15662819108926282,0.0
7.77958000679709,1.123248062832158,0.25520377708348996,0.0,-0.2615678241106165,-0.16766059041376208,0.0
7.75663257142937,1.129251896570003,0.25918105325058166,0.0,-0.2616748009713242,-0.17902275977013132,0.0
7.733605621693631,1.135277184116784,0.26343701004239617,0.0,-0.26162276339838486,-0.19066704698137701,0.0
7.710549922701899,1.1413068710128553,0.2679696300238287,0.0,-0.26140237955705115,-0.20255982878888554,0.0
7.687491736853001,1.1473301014279813,0.27277958291863996,0.0,-0.2610048494456454,-0.21467800233300752,0.0
7.66444066614958,1.1533401840659383,0.27786982879210986,0.0,-0.26042138398926945,-0.22700614874217057,0.0
7.641395956726567,1.1593329329124895,0.2832450897958929,0.0,-0.25964289475085683,-0.23953396992238987,0.0
7.618348691290895,1.1653060640757462,0.28891193276207333,0.0,-0.2586597328019686,-0.2522555821150651,0.0
7.595285262986714,1.171258248516921,0.29487837347266155,0.0,-0.2574615586529414,-0.2651679051839966,0.0
7.572193620445727,1.1771874586724795,0.30115245960008125,0.0,-0.25603754803850737,-0.27826725457938256,0.0
7.54905934281582,1.1830919471825583,0.3077433330041071,0.0,-0.2543761674814907,-0.29155151498208487,0.0
7.525867998197739,1.1889695983631883,0.31466068700691585,0.0,-0.2524652528135507,-0.30501879741555454,0.0
7.502605632795453,1.1948177674123646,0.3219146312555496,0.0,-0.2502920418240276,-0.3186670945967105,0.0
7.479262672817355,1.2006322785492947,0.3295143797320619,0.0,-0.2478436155356288,-0.33249188583179723,0.0
7.4558197625486144,1.2064109142664452,0.33747286702482027,0.0,-0.24510540372264705,-0.346494460699407,0.0
7.432277703037883,1.2121459882308874,0.3457966501940133,0.0,-0.24206462334447032,-0.36066400194786613,0.0
7.408613904353447,1.2178350149592936,0.3545008155333481,0.0,-0.23870507628735926,-0.3750035717143994,0.0
7.384827875962841,1.2234695857081588,0.3635929417984997,0.0,-0.2350129833503901,-0.3895026985802501,0.0
7.360911643335654,1.2290425662911535,0.3730834589898115,0.0,-0.23097325414588735,-0.4041551090589076,0.0
7.336858615302614,1.234545916078681,0.38298247247446393,0.0,-0.2265706705601599,-0.4189533382467071,0.0
7.312661222994377,1.2399712100651954,0.3933006790198852,0.0,-0.22178950531114378,-0.4338901261254788,0.0
7.288319524875097,1.2453077188858106,0.40404556821527965,0.0,-0.21661534897786866,-0.44895304858296975,0.0
7.2638277523477734,1.2505454252713364,0.41522707836792333,0.0,-0.21103253543915082,-0.4641327815454504,0.0
7.239187814508545,1.2556720754120065,0.42685154721052965,0.0,-0.20502711034407164,-0.4794147181488547,0.0
7.214392597789618,1.2606767133569121,0.43892936934436727,0.0,-0.19858299340499505,-0.49478929235005087,0.0
7.189446770368342,1.2655453866144262,0.45146505435737067,0.0,-0.19168719051777652,-0.5102390597782717,0.0
7.164347249319553,1.2702651443389799,0.4644665642298743,0.0,-0.1843249113830937,-0.5257507952388124,0.0
7.139095617840264,1.2748215616772434,0.47793916820989424,0.0,-0.17648290985303544,-0.5413077888761818,0.0
7.1136944169703735,1.2791995415553437,0.49188712086499353,0.0,-0.16814867163849287,-0.5568921545231068,0.0
7.088139700411901,1.2833845507717085,0.5063178239737011,0.0,-0.15930789677998294,-0.5724893790831664,0.0
7.062441441906914,1.2873592705210908,0.5212303053282943,0.0,-0.14995156504161725,-0.588075863405639,0.0
7.036594035785565,1.2911083979061284,0.5366319155202413,0.0,-0.1400656923359322,-0.6036369129638767,0.0
7.010605186721087,1.2946141455989626,0.5525216265186781,0.0,-0.1296417872604594,-0.6191492098383183,0.0
6.984472572460597,1.297859716269825,0.5689037836335923,0.0,-0.11866811183732423,-0.6345949032559028,0.0
6.958200205900395,1.3008270207045745,0.5857782199829514,0.0,-0.10713611016277937,-0.649951810311862,0.0
6.931796507914848,1.3034972392184372,0.6031410263990948,0.0,-0.0950401462420744,-0.6651947455748943,0.0
6.905258595573319,1.3058524274173353,0.620994885084002,0.0,-0.08237031609440577,-0.6803046143946916,0.0
6.878592336205407,1.3078734409923731,0.6393359582197576,0.0,-0.06912154746019894,-0.6952568151944584,0.0
6.851800788649715,1.3095411759892126,0.6581614181885339,0.0,-0.055288401979140096,-0.7100279668275749,0.0
6.824889831791576,1.3108361848399974,0.6774655594863513,0.0,-0.0408679055463705,-0.7245927958034721,0.0
6.797859574217396,1.3117391438878347,0.6972459262424132,0.0,-0.02585499927392337,-0.7389288342730449,0.0
6.770717341728718,1.312230321999867,0.7174939293454612,0.0,-0.010249597859490044,-0.7530094709274084,0.0
6.743466294424124,1.312290116596924,0.7382030543253939,0.0,0.005949557595239019,-0.7668101157348245,0.0
6.716111186210336,1.3118988982176858,0.7593646477617734,0.0,0.022741690844781327,-0.7803051871714843,0.0
6.688614299684462,1.3110354202058085,0.7810027666746217,0.0,0.040152140039479256,-0.7934890779354998,0.0
6.660973714296064,1.3096775967905636,0.8031137914625553,0.0,0.05818459479277956,-0.8063372313497607,0.0
6.633194534431779,1.3078034203896218,0.8256875953350806,0.0,0.07683720748514321,-0.8188213973415674,0.0
6.6052703660300995,1.3053898708368634,0.8487224759569054,0.0,0.09611485721294248,-0.8309180900349012,0.0
6.577207914962005,1.3024146829197634,0.8722050939670887,0.0,0.11601252599681038,-0.8425976275758916,0.0
6.548993796171906,1.2988531466802236,0.8961380221879565,0.0,0.13653849985896838,-0.8538382163019157,0.0
6.520636399706934,1.294682655872595,0.9205046339942359,0.0,0.15768457104614367,-0.8646086210657958,0.0
6.492134716254247,1.2898794314360313,0.945295167259838,0.0,0.17944811381021028,-0.8748811663377022,0.0
6.463488262013751,1.2844195574327784,0.970498418555422,0.0,0.20182505670857978,-0.8846275913035392,0.0
6.434699177235197,1.2782795414944503,0.9960998125109034,0.0,0.22480810912319327,-0.8938184823315933,0.0
6.405770255208751,1.2714361679477033,1.0220830400128618,0.0,0.24838813310004879,-0.902424158128626,0.0
6.376701844473497,1.2638657830151165,1.0484328414474822,0.0,0.2725566699422168,-0.9104156132037212,0.0
6.347494123583006,1.25554472431875,1.0751330042386624,0.0,0.2973041702721769,-0.9177637421491754,0.0
6.318150909750964,1.2464505710341838,1.1021628292601058,0.0,0.3226166671055755,-0.9244385415880055,0.0
6.288676229386918,1.2365614629365678,1.1295001946842769,0.0,0.3484785202906168,-0.9304102637767516,0.0
6.259065005497009,1.225852701652083,1.157130273450799,0.0,0.37488076733881065,-0.9356510424656106,0.0
6.229324228814879,1.2143040981223923,1.1850258482374516,0.0,0.4018024265601765,-0.9401308460599571,0.0
6.199454846577585,1.2018938741486536,1.2131641290598412,0.0,0.4292264249473313,-0.9438211314082884,0.0
6.169458365753212,1.1886009200196572,1.2415206326153299,0.0,0.457133804142766,-0.9466935523484947,0.0
6.139334949083011,1.1744040025867493,1.270070981084986,0.0,0.48550548376723973,-0.9487201969970546,0.0
6.109084946897783,1.1592824159114103,1.298789460047513,0.0,0.514320861297274,-0.9498734149240334,0.0
6.0787147141936595,1.1432192220042758,1.3276434869129992,0.0,0.5435521661294691,-0.9501259383672835,0.0
6.048222327471926,1.1261940068190595,1.35660719159401,0.0,0.5731781303754885,-0.9494513253051501,0.0
6.0176106590878575,1.1081896012129764,1.3856490155090304,0.0,0.6031714985392772,-0.9478236558947161,0.0
5.986876528129417,1.0891859811916205,1.4147420116054024,0.0,0.633509586965803,-0.9452172483871261,0.0
5.9560268764983135,1.0691701465787296,1.4438485354979573,0.0,0.6641583697755147,-0.9416079048397029,0.0
5.925058069978844,1.0481233438801671,1.4729398476575477,0.0,0.6950929243557846,-0.9369711801713653,0.0
5.893971312098895,1.0260306850620224,1.501981538194773,0.0,0.7262822159477842,-0.9312837838487409,0.0
5.862768240309312,1.002878616661525,1.5309377339210812,0.0,0.7576934357255423,-0.9245234132288461,0.0
5.831448648562266,0.9786532489534344,1.5597732287610313,0.0,0.7892943167623148,-0.9166682831011599,0.0
5.800015115605246,0.9533439218322842,1.5884492334001685,0.0,0.8210484916095513,-0.9076982737154805,0.0
5.76846605157879,0.9269377734934184,1.616929772870522,0.0,0.8529225321509941,-0.8975931303522645,0.0
5.736800259482727,0.899423169035955,1.6451774589526131,0.0,0.8848813614925843,-0.8863334973500753,0.0
5.705024151864769,0.8707964348951669,1.6731472125490456,0.0,0.9168810027938497,-0.8739039965355687,0.0
5.67312445808058,0.8410372348852662,1.7008102726738392,0.0,0.9488960727025715,-0.8602825094150366,0.0
5.641115368101513,0.8101517195749346,1.7281129845291814,0.0,0.9808723996379578,-0.8454593773278315,0.0
5.608986698182584,0.7781244738959296,1.7550218642873827,0.0,1.0127790813408803,-0.8294156041080312,0.0
5.576742946739732,0.7449554822390241,1.7814899821442336,0.0,1.0445693937688783,-0.812140131849814,0.0
5.544378761474738,0.7106361172010529,1.8074777019283157,0.0,1.07620522660444,-0.7936180874862309,0.0
5.511894455388818,0.6751648252072758,1.8329397951180608,0.0,1.1076417312302091,-0.773838776949771,0.0
5.479289504007119,0.6385406718053194,1.857830906332711,0.0,1.138833802526958,-0.7527924672774361,0.0
5.446567091582594,0.6007685852007516,1.8821021872734331,0.0,1.1697318064352742,-0.7304734808132788,0.0
5.4137133501278525,0.5618350605422103,1.9057164502682746,0.0,1.2003010498333768,-0.7068656383485941,0.0
5.38074012332807,0.5217582490205114,1.9286169732872316,0.0,1.23048172185321,-0.6819722816567118,0.0
5.347633602300099,0.4805271634558007,1.950764424580007,0.0,1.260236683739282,-0.6557794393961951,0.0
5.314397864751686,0.4381540685133456,1.972106191437894,0.0,1.289511356720299,-0.6282880572488757,0.0
5.2810274798278325,0.39464106120193637,1.9925952584729416,0.0,1.3182587002583062,-0.5994931541553309,0.0
5.247521470921239,0.3499975640298992,2.012180942250022,0.0,1.346426721330848,-0.5693949866495452,0.0
5.21387263504717,0.30422635024008554,2.0308153322162164,0.0,1.3739675891000762,-0.5379897541289566,0.0
5.180079940690479,0.25734013524356963,2.0484460651607233,0.0,1.4008272277050924,-0.5052808092101266,0.0
5.146133464286207,0.20934099318191898,2.0650244534664024,0.0,1.4269574787300419,-0.4712644530630598,0.0
5.112034533763196,0.16024854722102744,2.0804951976826196,0.0,1.4523002550660637,-0.43594972105399876,0.0
5.077776372665206,0.11007289959299112,2.0948061288890645,0.0,1.4768026551625006,-0.39933934694296175,0.0
5.043350782258147,0.05882374525080894,2.1079043613315775,0.0,1.5004113626132374,-0.3614359875440193,0.0
5.008758263085845,0.006525744223850417,2.119732756003331,0.0,1.5230659437725431,-0.3222537365803338,0.0
4.973988483829983,-0.04681056968575644,2.1302371757524794,0.0,1.54471209471748,-0.2817965602361879,0.0
4.939042565157127,-0.10115497170661586,2.1393589838558165,0.0,1.5652871450023902,-0.24008368375877376,0.0
4.903907331529491,-0.15649706704263308,2.147042557108296,0.0,1.5847358585994953,-0.19711954353892003,0.0
4.868598825246277,-0.21277780082726988,2.15322559900342,0.0,1.602986214666698,-0.15294690026973545,0.0
4.83311582602416,-0.26996205590568123,2.1578507278761254,0.0,1.6199763511436844,-0.10759091030856023,0.0
4.797479824799204,-0.32797477899652594,2.160859331567019,0.0,1.6356346865382516,-0.061109456277092196,0.0
4.761694680661065,-0.3867658643081408,2.1621976294228875,0.0,1.6498999761102089,-0.013541865398464643,0.0
4.725775040078846,-0.44626430509311876,2.1618137400032915,0.0,1.6627084304294752,0.03505457082762102,0.0
4.689746682565341,-0.506377044852043,2.159660550026298,0.0,1.6739961596342674,0.0846029685799888,0.0
4.653626129301039,-0.5670229879644372,2.155696033706354,0.0,1.6837070058894419,0.1350345827452107,0.0
4.617431730996385,-0.6281150364586324,2.14988328797738,0.0,1.6917886033577725,0.18627424780374777,0.0
4.581163060283007,-0.6895953239788613,2.1421863392409497,0.0,1.698196254181756,0.23827020450936515,0.0
4.5448494707788605,-0.751353313842357,2.1325795589988115,0.0,1.7028836082886643,0.2909250979278156,0.0
4.508487200644621,-0.8133326904194368,2.1210340417408142,0.0,1.7058135773549377,0.3441864934667572,0.0
4.4720915557699294,-0.8754430498459451,2.107529720015567,0.0,1.706950113695544,0.397972013122597,0.0
4.435663013186649,-0.937617798084915,2.0920452670692233,0.0,1.7062615840408033,0.4522189821312757,0.0
4.3992032462774535,-0.9997870109108926,2.074562305853862,0.0,1.7037186945892684,0.5068613238812062,0.0
4.362712195728141,-1.0618825216015593,2.0550641588066467,0.0,1.6992944473199338,0.5618340221250165,0.0
4.32618861812283,-1.1238370473378947,2.0335357744777585,0.0,1.6929638770200461,0.6170724402813923,0.0
4.289624580337721,-1.1855934958943253,2.00995975509242,0.0,1.6847024165958966,0.6725207753582625,0.0
4.253026636875125,-1.2470692227958378,1.98432997083933,0.0,1.6744906486516125,0.7280999873506716,0.0
4.216386360294115,-1.3082058317434253,1.956632542694041,0.0,1.6623076367383864,0.783752529080514,0.0
4.179704320238033,-1.3689288107757884,1.9268618580945527,0.0,1.6481368799210137,0.8394060156470206,0.0
4.142964776909777,-1.4291894823112703,1.8950004768701603,0.0,1.631956958794901,0.8950115968363315,0.0
4.106180137283422,-1.4888918825854158,1.8610569136959345,0.0,1.6137603650059256,0.9504766396080037,0.0
4.069329896210194,-1.5479926845175103,1.825012086425882,0.0,1.593526018442697,1.0057570508498612,0.0
4.032419607142085,-1.606405225415119,1.7868728412356245,0.0,1.5712475694997214,1.0607682940659056,0.0
3.9954366940300647,-1.6640707134301893,1.7466299006979094,0.0,1.5469102753869357,1.1154517846859837,0.0
3.958381297472669,-1.720909150717383,1.7042890590167026,0.0,1.5205089478574334,1.1697288095796883,0.0
3.921238055399602,-1.776863094957004,1.6598401845211364,0.0,1.4920290780617151,1.223542090310856,0.0
3.884011393509292,-1.8318438280239222,1.6132982041714088,0.0,1.4614726379399758,1.2768042650136309,0.0
3.846694706744654,-1.8857784140280092,1.5646674870714365,0.0,1.4288357164022325,1.3294429153059424,0.0
3.8092827092430435,-1.938590776871035,1.5139560680182182,0.0,1.394117425050878,1.381382488718543,0.0
3.771762833684052,-1.9902136010497882,1.4611637674284828,0.0,1.357311676506508,1.4325560654222413,0.0
3.734136737017097,-2.0405585783780764,1.4063123479672566,0.0,1.3184281620403642,1.4828759038523323,0.0
3.696388708200669,-2.0895595490297683,1.3494007897214948,0.0,1.2774610619537463,1.532276285319255,0.0
3.658519286267898,-2.1371274357969288,1.290454269490976,0.0,1.2344237474887154,1.5806684960262727,0.0
3.6205288925136854,-2.183173192016563,1.2295015822710587,0.0,1.1893331996148986,1.6279634895563304,0.0
3.58240163058797,-2.2276264357216546,1.1665480490765678,0.0,1.1421896201698227,1.6740913250863618,0.0
3.544144078044858,-2.270389199181493,1.1016385880023656,0.0,1.0930233477189493,1.7189534645449371,0.0
3.505742100942266,-2.3113865104533606,1.0347867552584926,0.0,1.0418418110169787,1.7624751931437868,0.0
3.4671985685087146,-2.3505238969552114,0.9660384089403933,0.0,0.9886776466226435,1.8045611487844757,0.0
3.4285123377743565,-2.387711583950001,0.895436642794779,0.0,0.9335623261279502,1.8451205438683338,0.0
3.3896995610901954,-2.422844907717227,0.8230611551256743,0.0,0.876557065808603,1.884045595879489,0.0
3.350751336901665,-2.455844197045199,0.7489501649704086,0.0,0.8176916355727352,1.921255306654679,0.0
3.3116929028928266,-2.486602843233348,0.673211541834709,0.0,0.7570521861875225,1.9566375226114892,0.0
3.272539572983161,-2.515028588067507,0.5959410134007214,0.0,0.6947170334552244,1.9900943761340786,0.0
3.233320890370654,-2.541025725101217,0.5172689392588875,0.0,0.6307942202993354,2.0215215540355596,0.0
3.194062226155491,-2.5645105796595966,0.43732432206983474,0.0,0.5653927511264509,2.05082593262007,0.0
3.1548234543800633,-2.585391426511623,0.3563139230300683,0.0,0.4986876814705904,2.0778994652726777,0.0
3.1156428770150946,-2.6036048479452245,0.2744079887611756,0.0,0.4308269106263075,2.1026636316357266,0.0
3.0765896568809126,-2.6190901150721415,0.19184775894828351,0.0,0.3620198369201995,2.1250354505770876,0.0
3.03770534070738,-2.631817472576893,0.10882206113645602,0.0,0.2924350690236404,2.144965597228816,0.0
2.9990722562767216,-2.6417637748352285,0.02561095269471145,0.0,0.2223203030252012,2.162401849195496,0.0
2.960750605903667,-2.6489366098380467,-0.05754940148612418,0.0,0.15188934428781914,2.1773246337549357,0.0
2.9227149946715247,-2.6533717891443147,-0.14060931875202987,0.0,0.08119925938876794,2.1897592370517884,0.0
2.8847474881331236,-2.655104017358219,-0.22394676280755046,0.0,0.009939843579073586,2.199773672312007,0.0
2.846936737903193,-2.654128533180495,-0.3072724048116327,0.0,-0.061631864104657756,2.2073329237405326,0.0
2.8092077958226427,-2.6504477062460747,-0.39065685872383776,0.0,-0.1335667699904946,2.212445228734486,0.0
2.7714939806263374,-2.6440475584380647,-0.47415446556830526,0.0,-0.2059038176554987,2.215102659452764,0.0
2.7337944864062833,-2.6349165385189526,-0.5576739572435064,0.0,-0.27855682380250246,2.2152850261931034,0.0
2.69606758484036,-2.623031815912163,-0.6412140315968305,0.0,-0.35151802358327205,2.2129713146912477,0.0
2.6583097932117785,-2.6083779590413134,-0.7246876548062442,0.0,-0.424705268089648,2.2081388195293536,0.0
2.6205023125163995,-2.5909342471183257,-0.8080404160871448,0.0,-0.498064933083457,2.200763630627109,0.0
2.5826215029842636,-2.5706750844294204,-0.8912268488639513,0.0,-0.5715515180197835,2.1908186113246972,0.0
2.5446737171892617,-2.5475907414032686,-0.9741338890274287,0.0,-0.6450598104638499,2.178284456928219,0.0
2.5066310327126806,-2.5216522727400648,-1.0567216728395883,0.0,-0.7185493299986527,2.163132148611512,0.0
2.4684939568147506,-2.49284867826633,-1.1388862577007925,0.0,-0.7919227091379385,2.14534274875317,0.0
2.4302499082571494,-2.461161519042414,-1.2205501397319445,0.0,-0.8651059623660993,2.1248935580579285,0.0
2.391905933735776,-2.426590930248744,-1.3015921230500296,0.0,-0.9379857520420688,2.101774594359905,0.0
2.353429464031724,-2.389103011470677,-1.3819726397257561,0.0,-1.0105220188228434,2.075953615783162,0.0
2.314829116662002,-2.3487030961813593,-1.4615629944863835,0.0,-1.0825943938214797,2.047425226079684,0.0
2.2761060151200185,-2.3053945671581912,-1.5402492120685283,0.0,-1.154095358979252,2.016184065669235,0.0
2.2372361625267376,-2.2591546705497847,-1.617966090963738,0.0,-1.2249616117444375,1.9822063835045074,0.0
2.1982262569475597,-2.20999809081955,-1.694584195549541,0.0,-1.2950712844471677,1.9454961509222906,0.0
2.1590698545149563,-2.157928075050582,-1.7699989765844248,0.0,-1.3643249267913087,1.9060498398339887,0.0
2.1197610699867,-2.1029516263912287,-1.8441028218238338,0.0,-1.4326201335728794,1.8638673529469292,0.0
2.080304730835849,-2.0450950952217775,-1.9167667187392854,0.0,-1.499834530767581,1.8189642488187192,0.0
2.040693777861355,-1.9843725037997297,-1.9878828678860705,0.0,-1.5658650711186513,1.7713474302002779,0.0
2.000929336813368,-1.9208144706541492,-2.057327478703647,0.0,-1.6305936843759425,1.7210375069185957,0.0
1.9610112829074842,-1.8544550116957728,-2.1249786948935863,0.0,-1.6939038151562593,1.6680586774593982,0.0
1.9209424276071878,-1.78533858073673,-2.190709741607668,0.0,-1.7556740166354268,1.6124443742813703,0.0
1.8807339992595284,-1.7135309896787005,-2.2543814821621386,0.0,-1.8157708131492787,1.554246310920746,0.0
1.8403933994298345,-1.639098942416928,-2.315863563219032,0.0,-1.8740685109801198,1.4935181493788856,0.0
1.7999343457096855,-1.5621283848153922,-2.3750192141680966,0.0,-1.9304348278544001,1.4303304438438347,0.0
1.759374709189059,-1.4827218181929898,-2.431710686394318,0.0,-1.9847358919780191,1.3647687028717717,0.0
1.718723636429266,-1.400972876952865,-2.4858179226567634,0.0,-2.036854131973326,1.2969124088507766,0.0
1.6780360953736584,-1.3170775624128046,-2.537169212165422,0.0,-2.0866212164532443,1.2269276609908295,0.0
1.6372997009053991,-1.2311033295716816,-2.585688823676905,0.0,-2.1339606895564724,1.1548750169597868,0.0
1.596601134342758,-1.1433351437807733,-2.6311935022457584,0.0,-2.17869016881941,1.0809987664619753,0.0
1.5559373616483796,-1.053877307263145,-2.673619696703268,0.0,-2.2207428874347226,1.0053933635850787,0.0
1.5153589234406912,-0.9629571787921564,-2.712857514108449,0.0,-2.260005301965215,0.9282583026478567,0.0
1.4749126783602815,-0.8708033559995818,-2.7488204650527637,0.0,-2.296385119525443,0.8497959969765295,0.0
1.434639340746825,-0.7776376729093634,-2.7814466143675816,0.0,-2.3298127416637215,0.7702047073824123,0.0
1.39456407899762,-0.6836504771416893,-2.810703101677834,0.0,-2.360246457892171,0.689657024257056,0.0
1.354739968816477,-0.5891008062256279,-2.836553688169803,0.0,-2.387638893976342,0.6083855370103441,0.0
1.315194680373593,-0.4941902124444477,-2.858998319981867,0.0,-2.411978147804332,0.5265746288930641,0.0
1.2759519896648932,-0.39911057203350286,-2.8780532200079407,0.0,-2.4332677939381284,0.4444010320497206,0.0
1.2370491255503033,-0.3040852193196749,-2.893742863925496,0.0,-2.451517873688747,0.36206932028539596,0.0
1.1985090680008665,-0.20930074616876793,-2.9061130385932143,0.0,-2.4667596141515795,0.27975285813339,0.0
1.1603646722981191,-0.1149646737809621,-2.915219897279701,0.0,-2.479033062091076,0.19764361346725604,0.0
1.1226275914285797,-0.021227792167539245,-2.921137208866502,0.0,-2.4883969516343893,0.11588449187742886,0.0
1.0853188081500083,0.07174137961388308,-2.923946186815941,0.0,-2.4949163036132536,0.03463393363549599,0.0
1.0483463062836451,0.16406244721715874,-2.923733167409562,0.0,-2.4986733884808086,-0.04620199749630211,0.0
1.0114209169569668,0.2563546820122153,-2.920533024402079,0.0,-2.4997255349364904,-0.1271575493293287,0.0
0.9744841297737309,0.34866425080949154,-2.9143385188314754,0.0,-2.498067651795837,-0.2082673766777686,0.0
0.9374688300096072,0.4410581864390044,-2.905124401503096,0.0,-2.4936794377722773,-0.2895852240857933,0.0
0.900347033807111,0.5335039113054413,-2.8928615725338944,0.0,-2.486533042051589,-0.37107771736960526,0.0
0.86307983830846,0.6259933982508173,-2.8775103730014484,0.0,-2.4765923067104754,-0.45273333533143856,0.0
0.8256536246420616,0.7184526092768417,-2.8590355494982025,0.0,-2.463822445802471,-0.5344824233116956,0.0
0.7880483324994254,0.8108201518028677,-2.837397151278108,0.0,-2.4481851777287056,-0.6162664543638829,0.0
0.750247234481072,0.903022658196017,-2.812554875088699,0.0,-2.429641614738637,-0.6980162669470681,0.0
0.7122310168707277,0.9949889338693093,-2.7844649953449996,0.0,-2.4081501003370174,-0.7796645655967656,0.0
0.6740175958340353,1.0865543629488343,-2.7531138083206934,0.0,-2.3836924006985765,-0.8610609076220054,0.0
0.6355858562787552,1.1776452639685528,-2.7184611295349517,0.0,-2.35623045750621,-0.9421353860489505,0.0
0.5969262392800181,1.2681559699550473,-2.680476426651738,0.0,-2.325733848182955,-1.0227895434164276,0.0
0.5580521637804482,1.3579240994108797,-2.639156346777454,0.0,-2.2921945892403404,-1.102874139864631,0.0
0.5189673389462053,1.446808364413536,-2.5944954660227952,0.0,-2.255603999592523,-1.1822584199029806,0.0
0.47965652048187496,1.5347077177412676,-2.546470926502562,0.0,-2.215939642056143,-1.2608473712525272,0.0
0.440127141904614,1.6214671358509491,-2.4950909614713987,0.0,-2.173205186362053,-1.3384975634486735,0.0
0.4003840856661338,1.706936221485475,-2.440368225736573,0.0,-2.1274087926005265,-1.4150694472143777,0.0
0.3604345877668733,1.7909588320164933,-2.3823262540319994,0.0,-2.0785685060802703,-1.4904180936596105,0.0
0.3202828299562075,1.873385029721771,-2.320991988981085,0.0,-2.0267060162956874,-1.5644039245141117,0.0
0.2799533341182594,1.954024574879482,-2.2564330289053656,0.0,-1.9718782895801035,-1.6368509592622877,0.0
0.2394471881936923,2.0327369686807573,-2.1886901601016913,0.0,-1.9141204887132865,-1.7076276811931066,0.0
0.19878649127519255,2.1093429443791285,-2.1178479311972045,0.0,-1.8535058828241378,-1.776567566829758,0.0
0.15799810445717416,2.183660515602688,-2.044011807419774,0.0,-1.7901267116771338,-1.8435014451964271,0.0
0.11709183617094865,2.2555450383136844,-1.9672677012073179,0.0,-1.7240593978675565,-1.9082936383986697,0.0
0.07609664993473919,2.324824393491283,-1.8877474364769242,0.0,-1.6554207510256342,-1.9707836239103818,0.0
0.03504868111349323,2.391325291031623,-1.8056099312069105,0.0,-1.5843520386869017,-2.030809717151778,0.0
0.0,2.4457648061434925,-1.733565365078688,0.0,-1.5218888398738213,-2.0799795961646095,0.0
