t,x,y,z,dx,dy,dz
25.0,1.1556937579537117,2.2412104107302528e-11,0.0,-7.676283374090608e-11,-4.8379818522887125e-11,0.0
24.87229585882235,1.1556937579649988,2.95259269989106e-11,0.0,-1.0112512119368752e-10,-6.373569596858032e-11,0.0
24.740100478915764,1.1556937579804696,3.927659947823073e-11,0.0,-1.3451883801330459e-10,-8.47829970822841e-11,0.0
24.583978466812685,1.1556937580054432,5.501656404071037e-11,0.0,-1.8842632191085844e-10,-1.1875840929460908e-10,0.0
24.36467239683096,1.1556937580582922,8.832521968129011e-11,0.0,-3.0250778785579726e-10,-1.9065750527647348e-10,0.0
24.13743355105759,1.1556937581470244,1.4424897493770728e-10,0.0,-4.940493938586041e-10,-3.1137490959651503e-10,0.0
23.864010336834554,1.1556937583311258,2.6027868008938867e-10,0.0,-8.914602220268647e-10,-5.618407651279883e-10,0.0
23.59372993509334,1.1556937586582792,4.66466352505556e-10,0.0,-1.5976699268049272e-9,-1.0069278229209596e-9,0.0
23.323654670113054,1.1556937592440144,8.356248783662376e-10,0.0,-2.8620661899408156e-9,-1.8038131862638565e-9,0.0
23.052098027804863,1.1556937603009076,1.5017309160100326e-9,0.0,-5.143526223520328e-9,-3.2417046934850824e-9,0.0
22.787318857951554,1.1556937621380976,2.659619577783185e-9,0.0,-9.109370099172433e-9,-5.741181618754531e-9,0.0
22.533329150491905,1.1556937652197719,4.601845714545652e-9,0.0,-1.5761615553955682e-8,-9.93376549771112e-9,0.0
22.288889677026543,1.1556937702940964,7.799941643372334e-9,0.0,-2.6715288749412483e-8,-1.683732755614912e-8,0.0
22.057122247359683,1.1556937783288377,1.286384272019013e-8,0.0,-4.40594546830048e-8,-2.7768502494166432e-8,0.0
21.836477509798595,1.1556937907813212,2.071202965831706e-8,0.0,-7.093996343880114e-8,-4.470996599348225e-8,0.0
21.628375614106307,1.1556938094175935,3.24575551189664e-8,0.0,-1.1116908200113084e-7,-7.006440601703102e-8,0.0
21.431300741033514,1.1556938367238974,4.9667377205782514e-8,0.0,-1.7011372311302825e-7,-1.0721433224894432e-7,0.0
21.24489733352353,1.1556938757625261,7.42715123523029e-8,0.0,-2.5438428055094876e-7,-1.603259692536372e-7,0.0
21.06866858263703,1.15569393031177,1.0865123869652594e-7,0.0,-3.721367187460077e-7,-2.3453965623233267e-7,0.0
20.902011155807315,1.1556940049542848,1.5569479362320791e-7,0.0,-5.332633204390069e-7,-3.3609007846536885e-7,0.0
20.743813466256793,1.1556941055093999,2.190698409422286e-7,0.0,-7.50325867015851e-7,-4.7289442795155243e-7,0.0
20.593758084771533,1.1556942384739468,3.0287105963945925e-7,0.0,-1.0373485624460458e-6,-6.53791672050768e-7,0.0
20.451028200089922,1.1556944118781391,4.1215957523390984e-7,0.0,-1.4116655358086513e-6,-8.897069956655163e-7,0.0
20.314956206251434,1.1556946351547976,5.528805554134237e-7,0.0,-1.893638485765904e-6,-1.1934739198419993e-6,0.0
20.185135841734073,1.155694918889322,7.317056525503788e-7,0.0,-2.506116881575102e-6,-1.579494191373224e-6,0.0
20.060994406057198,1.155695275674531,9.565718039469258e-7,0.0,-3.2762831358311784e-6,-2.064900863302844e-6,0.0
19.942130268577355,1.1556957196297677,1.236378193329081e-6,0.0,-4.2346143705559885e-6,-2.6689041430168317e-6,0.0
19.828116660909952,1.1556962670344533,1.5813856161034606e-6,0.0,-5.416249802090849e-6,-3.413653482640351e-6,0.0
19.718556414002055,1.1556969364843874,2.0033150795540757e-6,0.0,-6.861327832379544e-6,-4.324450424482629e-6,0.0
19.61317049314864,1.1556977484257909,2.5150542443933086e-6,0.0,-8.613979834399012e-6,-5.429114914970177e-6,0.0
19.511558333559172,1.1556987271232628,3.131897918279987e-6,0.0,-1.0726577640509102e-5,-6.760663097134328e-6,0.0
19.41340328169443,1.1556998998418186,3.871032745722987e-6,0.0,-1.3257967140406305e-5,-8.356194943634947e-6,0.0
19.318678708589296,1.1557012933048738,4.749305013264616e-6,0.0,-1.6265821765781044e-5,-1.0252075740640022e-5,0.0
19.226903645300276,1.1557029442295808,5.78986119886879e-6,0.0,-1.9829382375594508e-5,-1.2498270706233452e-5,0.0
19.13803499897353,1.155704886802265,7.014254444081827e-6,0.0,-2.402242085308038e-5,-1.5141305653178358e-5,0.0
19.0518870572818,1.155707161194005,8.447812314358838e-6,0.0,-2.893161949493944e-5,-1.8235854109252112e-5,0.0
18.96814647114774,1.155709816709684,1.0121622511650775e-5,0.0,-3.466336524471031e-5,-2.1849023796166332e-5,0.0
18.886817440768493,1.155712898420379,1.2064108043807552e-5,0.0,-4.131489336454824e-5,-2.6042170397304972e-5,0.0
18.80777107329012,1.1557164593431455,1.4308705282911386e-5,0.0,-4.90005733918513e-5,-3.0887471819417694e-5,0.0
18.73078258657529,1.155720563353624,1.6895701561020388e-5,0.0,-5.7858189927410944e-5,-3.647189496187453e-5,0.0
18.655750952338945,1.155725275812017,1.9866328176036038e-5,0.0,-6.802870408228705e-5,-4.2884444625236895e-5,0.0
18.58264755220135,1.1557306627147557,2.3262227364001682e-5,0.0,-7.965441670916069e-5,-5.021501293147621e-5,0.0
18.511301559783032,1.1557368065917746,2.7135476442232597e-5,0.0,-9.291326850576598e-5,-5.857601803152788e-5,0.0
18.441646681982874,1.1557437901748107,3.1538295727018606e-5,0.0,-0.00010798358233673981,-6.808018715018395e-5,0.0
18.373615535189522,1.1557517030300193,3.652723331029557e-5,0.0,-0.00012505836527458062,-7.884959014809832e-5,0.0
18.307115261819607,1.1557606457041139,4.2165783863936434e-5,0.0,-0.00014435423939927346,-9.102129272588204e-5,0.0
18.242056002910235,1.1557707284018433,4.852356086780538e-5,0.0,-0.0001661085675191028,-0.00010474556968019036,0.0
18.178397122777703,1.155782063248661,5.5671424279212406e-5,0.0,-0.00019056273708517737,-0.00012017538733398075,0.0
18.11603022888485,1.155794784661271,6.369433427441279e-5,0.0,-0.00021800608166944814,-0.00013749415056741321,0.0
18.05497374346849,1.1558090116683148,7.266759822990957e-5,0.0,-0.0002486945636667756,-0.00015686442822845768,0.0
17.99509056604873,1.155824908839529,8.269530925697874e-5,0.0,-0.00028298217075962143,-0.0001785109292287196,0.0
17.936427910519694,1.1558426051425674,9.385917877068666e-5,0.0,-0.0003211458475037235,-0.0002026100493277434,0.0
17.87881956780719,1.155862304041372,0.00010628800397803764,0.0,-0.000363622895503477,-0.00022943982869488865,0.0
17.822301482006164,1.1558841599160756,0.00012007972495939327,0.0,-0.00041074439880665594,-0.0002592116990448536,0.0
17.766805270193764,1.155908374241922,0.00013536212393787348,0.0,-0.0004629425617413582,-0.00029220151367587984,0.0
17.712320957534438,1.1559351380870129,0.0001522565664735602,0.0,-0.0005206266429640544,-0.0003286712766908319,0.0
17.65876113323678,1.1559646957133098,0.00017091817575639294,0.0,-0.0005843199447384414,-0.0003689558667448733,0.0
17.606148169261598,1.1559972486940666,0.0001914753356791776,0.0,-0.0006544530629258284,-0.00041333244332809004,0.0
17.55440078487138,1.1560330745026048,0.00021410460405570022,0.0,-0.0007316192958307145,-0.0004621821611052415,0.0
17.503476473853866,1.1560724513752485,0.00023898332573122388,0.0,-0.0008164125579757646,-0.0005158878764541183,0.0
17.453376895353912,1.1561156405999011,0.0002662784793445178,0.0,-0.0009093891168184663,-0.0005748100704253336,0.0
17.40403491702789,1.156162980829596,0.0002962063379951757,0.0,-0.0010112704425593966,-0.0006394156379431157,0.0
17.355470846043925,1.1562147497181872,0.0003289450835684798,0.0,-0.0011226451434247784,-0.0007100892468703418,0.0
17.307635806404587,1.156271311143238,0.0003647279521518689,0.0,-0.001244285561093988,-0.0007873344105138808,0.0
17.2605104118952,1.1563330218935608,0.000403784335194068,0.0,-0.0013769466446200578,-0.0008716463401615308,0.0
17.214083403432433,1.1564002471633223,0.00044634966059538305,0.0,-0.0015213990093626627,-0.0009635332725242169,0.0
17.168283912899962,1.156473469001408,0.0004927342064254847,0.0,-0.0016786614824301392,-0.0010636650161690892,0.0
17.123146113154963,1.1565530328437996,0.0005431626988027575,0.0,-0.0018494561685488337,-0.0011725266815105415,0.0
17.07860768750547,1.156639469010202,0.0005979781306679606,0.0,-0.0020348984236794217,-0.0012908586636447591,0.0
17.03466166234658,1.156733243772955,0.0006574842224133478,0.0,-0.0022359617051168393,-0.0014193165479668543,0.0
16.991291719153867,1.1568348665301962,0.0007220135224746704,0.0,-0.002453707062772289,-0.0015586181091404587,0.0
16.94846761919711,1.1569449130808822,0.0007919424596660291,0.0,-0.0026893321067757345,-0.001709575789574146,0.0
16.90617626011271,1.1570639535737242,0.0008676458552652898,0.0,-0.002944015756527453,-0.001872998483200321,0.0
16.864383714002685,1.1571926557708037,0.0009495628802002793,0.0,-0.0032191382283250076,-0.002049833893262603,0.0
16.823110613493363,1.1573315523414485,0.0010380492605114085,0.0,-0.003515782542003863,-0.0022408494543918562,0.0
16.782272183682096,1.1574815735418813,0.0011337169883602974,0.0,-0.0038358710073868835,-0.0024473656261162747,0.0
16.74190592395915,1.1576432706586628,0.0012369399557608607,0.0,-0.004180505577361,-0.0026701886546283637,0.0
16.7019773205853,1.1578174938903099,0.0013482864798608552,0.0,-0.004551413424471538,-0.0029105441976802512,0.0
16.662457416282976,1.158005140683435,0.0014683596677628023,0.0,-0.004950407209033349,-0.003169732635552129,0.0
16.62336095228111,1.1582069471838137,0.0015976643876531858,0.0,-0.005378940315255407,-0.003448841823192357,0.0
16.584638488974498,1.158424025328536,0.001736951927700172,0.0,-0.0058392456999620005,-0.0037494909332614563,0.0
16.546282105547803,1.1586573457777176,0.0018868898232923198,0.0,-0.006333234252405506,-0.004073117599494831,0.0
16.50828524714785,1.1589079193649925,0.002048178749709098,0.0,-0.006862878140595454,-0.004421230057554234,0.0
16.47062772047813,1.159176906600366,0.0022216241390577633,0.0,-0.007430438677768562,-0.004795561481716372,0.0
16.43328349333068,1.159465597797277,0.002408125053618211,0.0,-0.008038419005878662,-0.005198045654912276,0.0
16.39621949210211,1.1597754496816952,0.0026086997471667524,0.0,-0.00868963513125283,-0.005630871736187439,0.0
16.359462813158185,1.160107489538182,0.0028241010434303694,0.0,-0.009385960322677458,-0.006095653873032458,0.0
16.322951047377078,1.160463622364816,0.0030556653546404537,0.0,-0.010131063302912724,-0.0065952626980558884,0.0
16.28670136317495,1.1608451251580747,0.003304338273679757,0.0,-0.010927243214022725,-0.007131722120252787,0.0
16.250674167217426,1.161253946416755,0.0035715215146614097,0.0,-0.011778142517729828,-0.007708035849279529,0.0
16.214864584118942,1.1616917932328987,0.0038584815897080298,0.0,-0.01268683025582645,-0.008326910647896861,0.0
16.179265894610058,1.1621604851797807,0.004166582762366068,0.0,-0.01365653396689424,-0.00899125777020873,0.0
16.143839118104303,1.1626624134646517,0.004497593829678312,0.0,-0.014691574552976486,-0.009704852814185948,0.0
16.108593414840207,1.1631994528422427,0.004852976056610345,0.0,-0.015795105885012588,-0.010470798645572047,0.0
16.073512037302297,1.1637739624580035,0.005234546322222226,0.0,-0.0169711700596473,-0.011292953061644836,0.0
16.03858239638634,1.1643883931201937,0.0056442242272955745,0.0,-0.018223869642190044,-0.012175380851639842,0.0
16.003826664766944,1.1650446735709856,0.006083625669039656,0.0,-0.019556109494579622,-0.013121475825952635,0.0
15.969241682422311,1.1657452343075059,0.006554749428738289,0.0,-0.0209716739037245,-0.014135436577326905,0.0
15.93484866663981,1.1664920603283535,0.007059347505881465,0.0,-0.022473291900138963,-0.015220907111883177,0.0
15.900688609773162,1.1672866081464763,0.007598865848613008,0.0,-0.02406248346315447,-0.016380847082977424,0.0
15.866794135621689,1.1681303412882402,0.008174805381000122,0.0,-0.02574064189663566,-0.017618305465475565,0.0
15.833208637087388,1.1690242349604225,0.008788384437348178,0.0,-0.027508050312816133,-0.018935691837634258,0.0
15.799978332665214,1.1699688719018537,0.009440598438616575,0.0,-0.029364093670711643,-0.020334902796968826,0.0
15.76714252062785,1.1709646715266628,0.01013237340277115,0.0,-0.03130772707181674,-0.02181764932399856,0.0
15.734732493387588,1.1720119447145783,0.010864602186391814,0.0,-0.033337591942546346,-0.02338553171439153,0.0
15.702771112686074,1.1731109479918032,0.011638181366383598,0.0,-0.035452127878269936,-0.025040115545324582,0.0
15.67127102286306,1.1742620053627308,0.012454097559913078,0.0,-0.03764980930537153,-0.02678311271403197,0.0
15.640232292594412,1.1754656888033135,0.013313559517702562,0.0,-0.039929481903452906,-0.028616658535130502,0.0
15.609663298596365,1.1767220627264139,0.014217460493283669,0.0,-0.04228893069294438,-0.030542160391760744,0.0
15.579538887622677,1.1780324442264776,0.015167646859167166,0.0,-0.04472818416304101,-0.03256299529567791,0.0
15.549857186641376,1.1793971255859792,0.01616528477222469,0.0,-0.04724522727568794,-0.03468102407877078,0.0
15.52058849531321,1.1808176307988114,0.017212502419486346,0.0,-0.04984019084687806,-0.03690007646440341,0.0
15.491720433620038,1.1822947102541699,0.01831093398416362,0.0,-0.05251163093808565,-0.039222850157364465,0.0
15.46323048629793,1.183829635430743,0.019462673862037733,0.0,-0.05525890210929095,-0.04165292733554951,0.0
15.435086146447833,1.1854243361082788,0.020670402466650528,0.0,-0.05808234701690796,-0.04419502229262774,0.0
15.407272581240129,1.1870798684115085,0.021936238097642256,0.0,-0.06098055977694359,-0.04685255151517783,0.0
15.37976524343977,1.1887979214995341,0.023262879188922222,0.0,-0.0639530603381141,-0.04963003012892014,0.0
15.352534392980731,1.1905806672074972,0.02465351622595371,0.0,-0.06699996917738382,-0.05253286362578334,0.0
15.325566423824238,1.1924293573365055,0.026110747046826456,0.0,-0.0701195966821592,-0.055565069513216214,0.0
15.29882286252503,1.1943470873107163,0.027638759606958704,0.0,-0.07331310900671975,-0.05873380726826857,0.0
15.272296396040089,1.196334914966579,0.029240276987113657,0.0,-0.07657798170248482,-0.06204300910348413,0.0
15.245957882101186,1.1983955962144746,0.030919536404143046,0.0,-0.07991423072502056,-0.06549954525062777,0.0
15.219779497456313,1.2005320263430128,0.03268108604869311,0.0,-0.0833217363161885,-0.0691106902936312,0.0
15.193748509561303,1.2027460348648356,0.03452879387900853,0.0,-0.08679833532997747,-0.07288207656011017,0.0
15.167835904724768,1.2050409637224804,0.03646799840324374,0.0,-0.0903438940192379,-0.07682207138081301,0.0
15.14202290473688,1.2074194703981018,0.03850371187037566,0.0,-0.09395679351114207,-0.0809380678548734,0.0
15.11628364824816,1.2098850410934558,0.04064192137478615,0.0,-0.09763624214215119,-0.08523909462801535,0.0
15.09060819312193,1.2124397940577116,0.04288771262413435,0.0,-0.10137895927648027,-0.08973200287741329,0.0
15.06496443108245,1.2150881887402967,0.045248537366957414,0.0,-0.10518462670213619,-0.0944279795639827,0.0
15.039340323000358,1.2178328433977073,0.04773057631170575,0.0,-0.10904970773791625,-0.09933521962457678,0.0
15.013708930245297,1.2206780986566474,0.05034194142441718,0.0,-0.11297255300849067,-0.10446525226787541,0.0
14.988050212851213,1.223627757896732,0.053090703732610614,0.0,-0.11695010739225534,-0.10982895856418005,0.0
14.962345462855986,1.2266856212872108,0.05598540211689414,0.0,-0.12097865810214792,-0.11543752962312573,0.0
14.936577237704265,1.2298554605091365,0.05903505866148122,0.0,-0.12505377377801344,-0.12130243675554253,0.0
14.910716349022548,1.2331426637825944,0.06225084365832897,0.0,-0.129172311454156,-0.12743853318886275,0.0
14.884743265750226,1.2365516134243464,0.06564363246479415,0.0,-0.1333289544958935,-0.1338592524359094,0.0
14.858637208463646,1.2400869711972584,0.06922529649810014,0.0,-0.13751783662579253,-0.14057900729545794,0.0
14.832368050480445,1.2437548329880492,0.07301000071722426,0.0,-0.14173375066775773,-0.1476154730432936,0.0
14.80592013930914,1.24755942600537,0.07701092151819716,0.0,-0.14596821303005153,-0.15498333205897996,0.0
14.7792645115862,1.2515069477034266,0.08124431076363335,0.0,-0.15021379746476865,-0.16270169213612687,0.0
14.752374658978443,1.255603378096428,0.08572739722272969,0.0,-0.15446145812330417,-0.17078998875408866,0.0
14.725227945242922,1.2598541610715965,0.09047813798714274,0.0,-0.15870016406499945,-0.17926739619476925,0.0
14.69778560066531,1.264267331552985,0.09551891723992759,0.0,-0.1629198270915779,-0.1881591877927563,0.0
14.670027365939367,1.268848004964292,0.10087055308078272,0.0,-0.16710570965355334,-0.1974858304268893,0.0
14.641918531100025,1.2736035617853922,0.10655839846755252,0.0,-0.1712432956990432,-0.20727351816723402,0.0
14.613431441582968,1.2785400899158534,0.11260850225719164,0.0,-0.17531475978154193,-0.21754712364488182,0.0
14.584537881021086,1.2836635038210984,0.11904914221195442,0.0,-0.17929989618910835,-0.22833259051445357,0.0
14.555218728903146,1.2889776681225724,0.12590868870668592,0.0,-0.18317459934000863,-0.23965309333288679,0.0
14.525459398042226,1.2944849422587934,0.13321636752042573,0.0,-0.18691146288359337,-0.2515301869822798,0.0
14.495273338445791,1.3001814778500518,0.1409958807304664,0.0,-0.1904770663368235,-0.26397352039531896,0.0
14.464697052276343,1.3060575597313344,0.14926504138983127,0.0,-0.19383356336785687,-0.27698096484101253,0.0
14.43380037873895,1.3120951188560577,0.15803112979468326,0.0,-0.19693892207828023,-0.29053231736907825,0.0
14.402686451655391,1.3182672385077285,0.167288326190402,0.0,-0.19974905529456177,-0.30458696609422775,0.0
14.371446165525759,1.3245470513560718,0.17702941049044754,0.0,-0.20222378194753104,-0.3191031194608934,0.0
14.340175813266903,1.3309045412293536,0.18724024214905005,0.0,-0.2043260056317672,-0.3340301467583298,0.0
14.308955841758541,1.3373111752789866,0.19790632372819428,0.0,-0.20602397959221055,-0.3493189820944485,0.0
14.277828340160783,1.3437450546987633,0.20902184370201432,0.0,-0.20729185258631244,-0.364934821711836,0.0
14.246829790755237,1.3501846211481883,0.22057995185039236,0.0,-0.20810693526624968,-0.38084267164679847,0.0
14.215981727199736,1.3566108364851697,0.23257676810266023,0.0,-0.20844968457164972,-0.3970128523918689,0.0
14.18529445184587,1.3630066110370567,0.24501095680815885,0.0,-0.20830285534567275,-0.4134200159815248,0.0
14.154768825922385,1.3693565466411972,0.2578838278418775,0.0,-0.20765079156560245,-0.43004290191541605,0.0
14.12439692088913,1.3756468466727583,0.27119981133198345,0.0,-0.20647872385513602,-0.44686454139865517,0.0
14.094175753254172,1.3818624806989748,0.2849608292153083,0.0,-0.2047728962676434,-0.46386492897349174,0.0
14.064090971402843,1.3879905477167866,0.299173730626235,0.0,-0.20251961974287988,-0.4810302297943513,0.0
14.0341352473258,1.3940164721479942,0.31384211549254737,0.0,-0.19970607252967038,-0.49834254214367485,0.0
14.004292615992043,1.3999271596629532,0.32897382026075805,0.0,-0.1963189909167616,-0.5157888525205783,0.0
13.97455409987534,1.405707819751758,0.3445733526311341,0.0,-0.1923460039301464,-0.5333520234809849,0.0
13.944905403850425,1.411344381612135,0.36064807218629724,0.0,-0.18777425969677297,-0.5510179320989029,0.0
13.915335680096923,1.4168217400312328,0.37720368479376615,0.0,-0.1825914505070413,-0.5687702931837205,0.0
13.88583229221532,1.4221247296972181,0.3942470162994604,0.0,-0.1767850399260962,-0.5865937201470457,0.0
13.856382302921565,1.4272377811919024,0.4117852771470605,0.0,-0.1703423653972175,-0.6044728114044968,0.0
13.826980604614272,1.4321435359057662,0.42982103091193913,0.0,-0.16325261192383067,-0.6223871416321557,0.0
13.797614562988759,1.4368254855032332,0.4483613237041276,0.0,-0.15550343932215704,-0.6403205495112526,0.0
13.76827421911037,1.4412661524019597,0.46741163811533387,0.0,-0.14708314340252654,-0.6582549091949693,0.0
13.738956789072365,1.4454465364077984,0.48697260315397495,0.0,-0.13798238891964115,-0.6761673283759355,0.0
13.709647773093893,1.4493488495629578,0.5070524531267073,0.0,-0.12818850813862073,-0.6940416636731893,0.0
13.680346268260507,1.4529529328327837,0.5276500422746729,0.0,-0.11769346237191045,-0.7118530385970979,0.0
13.651044966282148,1.4562390751270933,0.5487682129125805,0.0,-0.10648758168200302,-0.7295800451168974,0.0
13.621744259648276,1.4591863203491877,0.5704038086426497,0.0,-0.09456470241853583,-0.7471961864896569,0.0
13.59243458646838,1.46177437733531,0.5925604827834284,0.0,-0.08191528124506438,-0.764680529737314,0.0
13.563111632270854,1.46398194448586,0.6152376634268278,0.0,-0.06853229739135366,-0.7820085068029784,0.0
13.533772561505257,1.465787244784779,0.6384330887954841,0.0,-0.05441004876093997,-0.7991542331441097,0.0
13.504419697468464,1.4671679881465607,0.6621396594208019,0.0,-0.03954625731334669,-0.8160884524757318,0.0
13.475050291733295,1.4681020281019928,0.6863535100357827,0.0,-0.02393716377864075,-0.8327845439022193,0.0
13.445657120937726,1.468566990557435,0.7110739152740059,0.0,-0.007577244326190737,-0.8492179981960176,0.0
13.416251459368183,1.4685401205607962,0.7362837545620826,0.0,0.009527687097447633,-0.8653537046737738,0.0
13.38682460345011,1.46799885765377,0.7619819211383901,0.0,0.027381974276801016,-0.8811674559238312,0.0
13.357329177949193,1.4669182337888855,0.7882016587445351,0.0,0.046014647380390274,-0.8966545090311389,0.0
13.327779654253572,1.4652736650308043,0.8149217970249342,0.0,0.06541695636154278,-0.9117761269982451,0.0
13.298163358368074,1.4630392413670172,0.8421444553057832,0.0,0.08559639022993981,-0.9265073243708036,0.0
13.268475427195417,1.4601887541684884,0.8698641382431752,0.0,0.10655489687339313,-0.9408183272194766,0.0
13.23870879359375,1.4566951976519127,0.8980766835586415,0.0,0.1282953220614937,-0.9546797192364957,0.0
13.208865953383505,1.4525322947074817,0.9267679771418199,0.0,0.15081261777033148,-0.9680570646437368,0.0
13.178939859681755,1.4476722679623535,0.9559320245248552,0.0,0.17410775923326696,-0.9809198109415207,0.0
13.148932804714528,1.442088492687159,0.9855527786262693,0.0,0.19817347942839278,-0.99323284444456,0.0
13.118841502423525,1.4357533169369519,1.0156185249098324,0.0,0.22300562346123018,-1.0049630993738488,0.0
13.088662634972893,1.4286387870030541,1.0461165511976824,0.0,0.2485989958987314,-1.0160770295986712,0.0
13.058396916032201,1.4207177798782995,1.077028940240322,0.0,0.27494374288259327,-1.026539259760985,0.0
13.028044191461538,1.4119630906932903,1.1083374107624544,0.0,0.30202929898599273,-1.0363146037664215,0.0
12.997602905210712,1.4023471885585435,1.1400239041251137,0.0,0.32984495159994265,-1.045368164618789,0.0
12.96707195110778,1.3918427278750687,1.1720686757790355,0.0,0.35837821136743464,-1.0536647217796475,0.0
12.936456828709048,1.3804250393636874,1.2044437208008152,0.0,0.38760879776742035,-1.0611674050809377,0.0
12.905749979206021,1.3680649519768286,1.2371335306540512,0.0,0.4175273234956107,-1.0678426651455102,0.0
12.874956323827613,1.3547383298500402,1.2701080902700395,0.0,0.4481109233144392,-1.0736540347338601,0.0
12.844079974235092,1.3404216552428947,1.3033368305845534,0.0,0.4793356317035016,-1.0785659054990544,0.0
12.813110088283935,1.325084755937072,1.3368039948843387,0.0,0.5111911419477428,-1.0825451054132467,0.0
12.782058323701209,1.3087088209649043,1.3704682418563099,0.0,0.543642589272667,-1.0855555757388062,0.0
12.75091323199733,1.2912638102495089,1.4043119101341646,0.0,0.576677455705754,-1.0875642235687741,0.0
12.719689975707336,1.2727350391871424,1.4382871304174978,0.0,0.6102534973641216,-1.0885364807393572,0.0
12.688371659840197,1.25308991049965,1.4723795772505495,0.0,0.6443611457782098,-1.0884396782802228,0.0
12.6569722874496,1.2323152494206384,1.5065399986728782,0.0,0.6789558704780032,-1.0872410754357609,0.0
12.625487913856357,1.2103878232271088,1.5407373880287158,0.0,0.7140109362669189,-1.0849088886098468,0.0
12.593912796702961,1.1872833852482174,1.5749413752377324,0.0,0.7495002227612693,-1.081411232329186,0.0
12.562255396195992,1.162988963049973,1.6091049233479602,0.0,0.785380061043999,-1.0767184921843727,0.0
12.530505939278273,1.1374788232098325,1.6431994256658018,0.0,0.8216257797331602,-1.0707994167318955,0.0
12.498677449457926,1.1107464408112322,1.677170533351279,0.0,0.8581851454575663,-1.063627722334677,0.0
12.466754245713783,1.0827626379532724,1.710993357238417,0.0,0.8950372473260476,-1.0551719744295205,0.0
12.434753344167001,1.0535275917459892,1.744607068045143,0.0,0.9321219612122253,-1.0454099069665936,0.0
12.402658256085596,1.0230127825141704,1.7779850020201333,0.0,0.969416357618432,-1.0343108582651648,0.0
12.370483525691363,0.9912197949582576,1.8110668830326508,0.0,1.0068600012225857,-1.0218553006740296,0.0
12.338213553160184,0.9581222925744085,1.843822442238974,0.0,1.0444259978371457,-1.008013826003668,0.0
12.305857504613533,0.9237198383424156,1.8761948437070946,0.0,1.082057151972006,-0.9927679240222078,0.0
12.273409096506217,0.8879975839558573,1.9081418188240826,0.0,1.1197127741733572,-0.976093771852683,0.0
12.240867454326619,0.8509475681459177,1.9396144549355192,0.0,1.1573444104217718,-0.9579710723542783,0.0
12.208236443071268,0.8125689990142478,1.970558304032809,0.0,1.194896722633711,-0.9383838687197875,0.0
12.17550958820503,0.7728506242841927,2.0009277460596815,0.0,1.2323248854058888,-0.9173116156325306,0.0
12.142688091285923,0.7317917351540325,2.0306688085131164,0.0,1.2695738385245303,-0.8947397771278578,0.0
12.109770845303506,0.689390617600729,2.0597287376889626,0.0,1.306589828315052,-0.8706540565058417,0.0
12.07675193500236,0.6456408310586631,2.088057887759696,0.0,1.3433230923116555,-0.8450379698782822,0.0
12.043630452406134,0.600543942215979,2.1156010805365772,0.0,1.3797168312786838,-0.8178801243355411,0.0
12.010400307064149,0.5540960856854512,2.1423063348439064,0.0,1.4157185267945505,-0.7891663700814837,0.0
11.977067407486516,0.5063120457289434,2.1681110929186853,0.0,1.4512613551208475,-0.7588947193881965,0.0
11.943621419945737,0.45718547757409017,2.1929646355630434,0.0,1.4862946256604979,-0.7270505574862406,0.0
11.910065706542332,0.406731668715094,2.2168047661701147,0.0,1.5207517902893621,-0.6936336315411614,0.0
11.876392265514987,0.35495102350573593,2.2395766243860558,0.0,1.5545768007846084,-0.6586345352075187,0.0
11.842590989827958,0.3018419218670536,2.2612249800659328,0.0,1.5877138606162187,-0.6220425546885248,0.0
11.808665101013705,0.24742550387711626,2.281684775965656,0.0,1.620092556226731,-0.583863026398025,0.0
11.774608897740814,0.19171116797128354,2.3008958115039846,0.0,1.6516499637823534,-0.5440938212428558,0.0
11.740415808702371,0.13470878965312108,2.3187969921276292,0.0,1.6823223342097433,-0.5027334649245792,0.0
11.706075924535172,0.07642448477198523,2.335327283401615,0.0,1.7120470362868945,-0.4597779384214858,0.0
11.671589816866227,0.01688431799358943,2.350419227099494,0.0,1.7407506983563465,-0.4152382589804802,0.0
11.636951968278499,-0.04389337716220867,2.3640074253232783,0.0,1.7683639256474837,-0.36912032440623094,0.0
11.602149611346272,-0.1059008232025531,2.3760275843670837,0.0,1.7948211258212134,-0.3214222077946647,0.0
11.567177393875554,-0.16911488629848456,2.3864107710059206,0.0,1.8200487944678752,-0.2721538620247057,0.0
11.532050987208894,-0.23347086158019692,2.3950822124374445,0.0,1.8439579658851326,-0.22135862690841693,0.0
11.496773206012065,-0.2989231946069445,2.4019725754323513,0.0,1.8664696908215501,-0.1690663131278602,0.0
11.461368055596472,-0.36538272679820577,2.4070109563427247,0.0,1.887493105794387,-0.11534314307876031,0.0
11.425840992451215,-0.4327904014614983,2.410133298924057,0.0,1.9069514284666833,-0.060233012080949375,0.0
11.390215140982464,-0.5010495514031535,2.411277493565619,0.0,1.9247607844940615,-0.003812209341981063,0.0
11.354514189871807,-0.5700577402473315,2.410387765815577,0.0,1.9408421591977958,0.053835812190545035,0.0
11.318762509033041,-0.6397068909998015,2.407415276865088,0.0,1.955122016614549,0.11262048525490372,0.0
11.282983047002759,-0.7098878264552335,2.4023183621937223,0.0,1.9675336548116698,0.17244795902302926,0.0
11.247182762235452,-0.7805196553160877,2.3950590709238635,0.0,1.9780211667838152,0.2332466367201527,0.0
11.211373412915323,-0.8515096520086829,2.385604685074989,0.0,1.9865310395547626,0.29493344655080195,0.0
11.175559316534194,-0.922777699446222,2.3739249980758452,0.0,1.993015589557218,0.3574349996176513,0.0
11.139743826794351,-0.9942438291577315,2.359992863797015,0.0,1.9974304251850323,0.4206771114725781,0.0
11.103930503011394,-1.0658260636773533,2.3437845631063845,0.0,1.9997342620112848,0.4845829497944813,0.0
11.06812548797065,-1.1374358167999397,2.325281268811315,0.0,1.9998891704074584,0.5490688659221779,0.0
11.03231909889254,-1.209014864404846,2.3044586668277574,0.0,1.997859876797248,0.6140779240686132,0.0
10.99650766990292,-1.2804916915082318,2.281296708911475,0.0,1.9936122344130134,0.6795409729388435,0.0
10.96069286538524,-1.3517829313180045,2.2557810993372627,0.0,1.9871149687369072,0.7453775196000528,0.0
10.924865558239729,-1.4228255063921191,2.2278920215340166,0.0,1.9783369620189255,0.8115253762100807,0.0
10.88902829946592,-1.4935319637955171,2.197620344145674,0.0,1.9672515275761044,0.8778993817929284,0.0
10.853177187363158,-1.5638265715403887,2.164954421460588,0.0,1.953832855154366,0.9444248158794147,0.0
10.817297764002394,-1.6336529243097941,2.1298738543095626,0.0,1.938052034237682,1.0110451770587099,0.0
10.781395430436161,-1.7029146032395672,2.0923788025582466,0.0,1.9198900008152282,1.0776656725611562,0.0
10.74545389665077,-1.7715558946429035,2.052449112667419,0.0,1.8993190006724756,1.1442302946118224,0.0
10.709478062340677,-1.839479076127367,2.0100890797887523,0.0,1.8763242629631394,1.2106422780215609,0.0
10.673455938765223,-1.9066173035597336,1.965285929833493,0.0,1.8508829775945903,1.2768346133417374,0.0
10.637386870162333,-1.9728810405388195,1.9180421963939946,0.0,1.822981474283826,1.3427178766154062,0.0
10.601261226069354,-2.038196002952246,1.8683509356806522,0.0,1.79260134351494,1.408217541904451,0.0
10.565082025701074,-2.1024637330013807,1.816224730770945,0.0,1.759736861065421,1.4732346342864662,0.0
10.528835606206504,-2.165614296283596,1.7616547773258868,0.0,1.7243697229200123,1.5376987269538653,0.0
10.492521091330861,-2.227553624872605,1.7046527984510191,0.0,1.6864952439641676,1.6015148182229593,0.0
10.456123090385447,-2.2882108259108747,1.6452097891932762,0.0,1.646095528912677,1.6646116840498144,0.0
10.419647964386414,-2.3474770370563145,1.5833541967550389,0.0,1.603178608623646,1.7268785719775877,0.0
10.383082294874601,-2.405274812794561,1.5190845281824743,0.0,1.5577327840879727,1.788237283708652,0.0
10.346423595576951,-2.461507316328059,1.452420162716686,0.0,1.509761400318252,1.8485891662850562,0.0
10.309668923122134,-2.516077508899471,1.3833830707306,0.0,1.4592705421450762,1.9078350031452418,0.0
10.272807557068026,-2.568898413374621,1.3119833902258327,0.0,1.4062582344320054,1.9658863941365452,0.0
10.235839342524239,-2.6198662647175754,1.2382544259106647,0.0,1.350740221526977,2.022636456145883,0.0
10.198760309223923,-2.6688820629853303,1.1622259048293586,0.0,1.2927304977013228,2.0779831568286125,0.0
10.161568666914114,-2.7158432001642345,1.0839358028751718,0.0,1.2322501656079148,2.13182005327222,0.0
10.124256855248234,-2.7606535232291294,1.0034136791345583,0.0,1.169314575368015,2.1840478264970793,0.0
10.086837180253273,-2.8031932884477144,0.920736597922133,0.0,1.1039772512093475,2.234538997984801,0.0
10.049287845263256,-2.843381825031406,0.8359109363206142,0.0,1.0362368654419125,2.283211799204078,0.0
10.011640867759418,-2.88108113203996,0.7490690771159136,0.0,0.9661936394829282,2.329914427452732,0.0
9.973889195987955,-2.9161980682892277,0.6602613518241222,0.0,0.8938839032912014,2.3745477378079736,0.0
9.936081241397494,-2.948593260675815,0.5696755874881183,0.0,0.8194579410543845,2.4169510701936505,0.0
9.898210416058227,-2.9781844504388713,0.47737698963970365,0.0,0.7429682364625121,2.4570334719520375,0.0
9.860326525871669,-3.0048520674767354,0.3835745140584631,0.0,0.6645883915084806,2.494649836751758,0.0
9.822478709649934,-3.0284952549969764,0.288486529974163,0.0,0.5845041563639432,2.5296711646450114,0.0
9.784716589442686,-3.049032037789302,0.19234228739663625,0.0,0.5029146021567515,2.5619845980954974,0.0
9.747127816723351,-3.066384614733355,0.09547783454883714,0.0,0.42011438996775685,2.5914665849354397,0.0
9.709764956907225,-3.080520602077398,-0.0018518950741470029,0.0,0.33633429381111446,2.618047136283878,0.0
9.672712423545558,-3.091422182534348,-0.09930314408896028,0.0,0.2518861598162635,2.6416578086360016,0.0
9.635857665561263,-3.0991381039850974,-0.19705096997498578,0.0,0.1666334555761751,2.662364195815698,0.0
9.599141448819616,-3.103679291120171,-0.2951386366129766,0.0,0.08054971171084417,2.6801790435887676,0.0
9.562598231305707,-3.1050412704433157,-0.39336174379739536,0.0,-0.006174995766741233,2.6950668575530425,0.0
9.526258646933991,-3.1032355000976812,-0.4915250504415964,0.0,-0.09335625801115414,2.70700854488405,0.0
9.490025686853297,-3.0982653647806293,-0.5897801250933123,0.0,-0.1811181173416129,2.7160259846768744,0.0
9.453828035339585,-3.0901112273602434,-0.6882128936649733,0.0,-0.26953023926285297,2.722110905539331,0.0
9.41767412834845,-3.0787606563816534,-0.7866932167221155,0.0,-0.35846989726357764,2.7252320462803703,0.0
9.38152700694741,-3.064187673022099,-0.8852139310873103,0.0,-0.4479253172371022,2.7253629118952594,0.0
9.345368315135799,-3.0463668373698014,-0.9837163545191921,0.0,-0.5378389688771951,2.7224706358990187,0.0
9.30918935131764,-3.0252759151474913,-1.0821141621583412,0.0,-0.6281282962804512,2.7165217700176916,0.0
9.272978390776075,-3.000891137550462,-1.1803277147302695,0.0,-0.7187168273451076,2.7074826424165965,0.0
9.236727297174992,-2.9731912279202137,-1.278265915246972,0.0,-0.809517500522969,2.6953205829074984,0.0
9.200422529909872,-2.942150991477569,-1.3758503478110506,0.0,-0.9004549789642107,2.680001314320717,0.0
9.16404420591251,-2.907738001916066,-1.4730171495206297,0.0,-0.99146774989288,2.6614861319163627,0.0
9.127601110511206,-2.869947703034101,-1.5696236019874452,0.0,-1.082420353621178,2.639751584746027,0.0
9.09108171798246,-2.82875908387316,-1.665579274569889,0.0,-1.1732259455814686,2.614766462964632,0.0
9.05448114568393,-2.7841596344962447,-1.7607738635691745,0.0,-1.2637787907034608,2.5865049923203824,0.0
9.017791706859837,-2.7361356894755877,-1.8551021440156419,0.0,-1.35397774274439,2.5549413213838257,0.0
8.981011128656284,-2.6846831631963894,-1.948442758804209,0.0,-1.4437059752776744,2.5200565638996557,0.0
8.944137197055719,-2.629801906706666,-2.0406724428647776,0.0,-1.5328443983947293,2.481835527533769,0.0
8.907162312263583,-2.5714870343304828,-2.1316794066452363,0.0,-1.6212846888755372,2.4402605118021117,0.0
8.870075653980775,-2.5097303926505075,-2.2213570327912717,0.0,-1.7089234687080146,2.3953118077258644,0.0
8.8328910907235,-2.4445694581414643,-2.3095375134165406,0.0,-1.795597093929962,2.347003928462843,0.0
8.795582365487329,-2.375976203728876,-2.396146816288211,0.0,-1.8812336031623207,2.2953038483788517,0.0
8.758170205358313,-2.3040113425025224,-2.4809991475625055,0.0,-1.9656504506982084,2.2402457894746135,0.0
8.720637574749668,-2.2286706692815343,-2.5639948922299363,0.0,-2.0487498911168607,2.1818159439599714,0.0
8.682992348349284,-2.1500029862490164,-2.6449769812556663,0.0,-2.1303765282349367,2.120042070240815,0.0
8.645222117331693,-2.068020537111418,-2.7238315145729777,0.0,-2.210417882222023,2.054924299014452,0.0
8.60732915217987,-1.9827710558792937,-2.800411850683353,0.0,-2.288728068900322,1.9864914755057614,0.0
8.569324313549368,-1.894329295466645,-2.874555349830025,0.0,-2.365143893785836,1.91479557327915,0.0
8.53120462270578,-1.8027455567604207,-2.9461281727892947,0.0,-2.439530854192656,1.8398701774448045,0.0
8.49298700431445,-1.708125294529644,-3.0149610213605187,0.0,-2.511716648143381,1.7617953289710138,0.0
8.45466598326644,-1.6105269918818954,-3.0809284693555634,0.0,-2.5815737131245653,1.6806139007499707,0.0
8.416266587420123,-1.5100943879599156,-3.1438558477599745,0.0,-2.6489211999715825,1.5964410795969717,0.0
8.377807644319972,-1.4069669162947718,-3.2035880196092044,0.0,-2.71359666117551,1.5093908989108291,0.0
8.339299110544932,-1.3012696968163615,-3.259991353034596,0.0,-2.7754588736417793,1.4195672658331768,0.0
8.300781832985665,-1.1932230449464005,-3.312897604092182,0.0,-2.834325926792335,1.3271572723731655,0.0
8.262275653335543,-1.0830007413404352,-3.3621830119197504,0.0,-2.890061414228556,1.2323111276848093,0.0
8.223839487223639,-0.9708999065445564,-3.4076910741561757,0.0,-2.942487438131896,1.1352881034383961,0.0
8.185502253133697,-0.8571431594175313,-3.4493240878277107,0.0,-2.991487554400087,1.0362865847168554,0.0
8.147324351508251,-0.7420562889426328,-3.4869717726696625,0.0,-3.03692444965164,0.9355978323949272,0.0
8.109339146653463,-0.6258934306059466,-3.520576683124892,0.0,-3.078716627578375,0.8334539106019987,0.0
8.071616730515892,-0.5090282052826385,-3.5500745133072567,0.0,-3.11676563305581,0.73019513069065,0.0
8.034197011747858,-0.39174768110398844,-3.5754554180831803,0.0,-3.1510318222818863,0.6260889684942408,0.0
7.997129055561439,-0.2743700337899767,-3.596728084215115,0.0,-3.1814903234810665,0.5214331988799099,0.0
7.960453384483036,-0.15718723498132003,-3.613931854515014,0.0,-3.2081475528836263,0.4165048945604318,0.0
7.924224242663387,-0.04053394852312389,-3.627125080462077,0.0,-3.2310241422712216,0.3116218490835377,0.0
7.888476895149383,0.0753191218057571,-3.6363986404170734,0.0,-3.2501772256872434,0.2070467528618421,0.0
7.853177516615345,0.19033246098272355,-3.641870549383378,0.0,-3.2657105968984665,0.10283416199904923,0.0
7.817982690550392,0.305491508482919,-3.643649048009472,0.0,-3.2778122434142936,-0.0018965442364729619,0.0
7.783065156101962,0.4201051035728765,-3.6417583304981327,0.0,-3.2864399996223748,-0.10650747003194902,0.0
7.748208661373106,0.5347597878532434,-3.63621712503776,0.0,-3.291662679010443,-0.2115254023597736,0.0
7.713331927157331,0.649603706382302,-3.627000296861259,0.0,-3.293468585942082,-0.3170822099540714,0.0
7.678393560757989,0.7646534539499122,-3.614069223923539,0.0,-3.2918216626135113,-0.42319119077782297,0.0
7.643382927933833,0.8798224194364589,-3.5973878799308063,0.0,-3.286679073768013,-0.5297712476760725,0.0
7.6082768689719495,0.9950626741369174,-3.5769116433701154,0.0,-3.277993618020488,-0.6367772585514041,0.0
7.573047626877386,1.1103380525291624,-3.552586555161387,0.0,-3.2657105884563555,-0.7441755861128578,0.0
7.537692646935525,1.225526226008797,-3.5243722937055395,0.0,-3.249780369492781,-0.8518526023153261,0.0
7.50219229361011,1.3405568539490675,-3.492215285034163,0.0,-3.2301458365299713,-0.9597431734662586,0.0
7.466557749983716,1.4552560073254706,-3.4560907995996906,0.0,-3.2067676117075075,-1.0676848661563165,0.0
7.430764354006413,1.5695617013658552,-3.415941397157798,0.0,-3.179586061673067,-1.1756202134406681,0.0
7.39483613160771,1.6832527353279327,-3.371766283663984,0.0,-3.148580275213557,-1.2833411931232683,0.0
7.358743909225579,1.796273618738045,-3.3235060214437966,0.0,-3.113689717139574,-1.3907961452193365,0.0
7.322489940890335,1.9084651161695303,-3.271140930622121,0.0,-3.074881827494463,-1.4978350112157954,0.0
7.286091825815338,2.019618741793925,-3.2146823626030323,0.0,-3.0321488175267257,-1.6042599274626865,0.0
7.2495383952252315,2.1296122960314383,-3.1541055805823586,0.0,-2.9854571818160243,-1.7099548755063865,0.0
7.212827603984946,2.2382922528210316,-3.0894035044849777,0.0,-2.9347873113185523,-1.814773575065411,0.0
7.175956725383067,2.345504242146608,-3.020572930891349,0.0,-2.8801233747261366,-1.9185685385256361,0.0
7.138930315478178,2.451070501913687,-2.947630499337988,0.0,-2.821466214900144,-2.021169136115794,0.0
7.101751213159643,2.554817096290653,-2.8705975070020027,0.0,-2.758821616163492,-2.122407785619215,0.0
7.064422897239124,2.6565674085373328,-2.78950441241224,0.0,-2.6922039301634197,-2.2221136477330754,0.0
7.026954134286721,2.7561305354344294,-2.7044020621695153,0.0,-2.621645523757038,-2.3201011270396825,0.0
6.98933153061946,2.8533735603002337,-2.6152980126510506,0.0,-2.547143785937558,-2.416241160801672,0.0
6.95158710218548,2.9480466582490714,-2.5223157006427024,0.0,-2.4687941077264917,-2.510288409892204,0.0
6.9137077450438476,3.0400175738132575,-2.4254801527838534,0.0,-2.386610763104981,-2.602113058799221,0.0
6.875704415901784,3.1290945658370606,-2.3248833880397024,0.0,-2.3006655096420197,-2.691525566640322,0.0
6.8375987054847505,3.215066674611655,-2.220657976791166,0.0,-2.211066481494445,-2.7783157722080127,0.0
6.799401423925917,3.2977547251016026,-2.1129200011866054,0.0,-2.1179094869832444,-2.8623040898438554,0.0
6.761132110256408,3.376967737342177,-2.001821535074469,0.0,-2.0213230796164665,-2.943297571874094,0.0
6.722815365784179,3.452514986055878,-1.8875426428043989,0.0,-1.921462131467794,-3.0211016753990125,0.0
6.684488812359001,3.5241950475273933,-1.7703172408724146,0.0,-1.8185309286769813,-3.0955084086109683,0.0
6.646175276940238,3.5918513426878738,-1.6503487282534655,0.0,-1.7127093877894923,-3.166353611295526,0.0
6.6079082882598845,3.655324498574747,-1.5278859867216494,0.0,-1.6042196460981173,-3.233467684790053,0.0
6.569748440469702,3.7144346355310955,-1.403279691158859,0.0,-1.4933768572764723,-3.2966554680633284,0.0
6.531712284632441,3.7690957589441982,-1.2767501805018393,0.0,-1.3803829956767244,-3.3558179936899153,0.0
6.493860980099499,3.819179583964667,-1.1486750102236292,0.0,-1.265582598215794,-3.4108069448099174,0.0
6.4562141048871835,3.864640858168022,-1.0193009714855459,0.0,-1.1492056062554787,-3.461560203762962,0.0
6.418842367566454,3.9053980885815154,-0.8890567819581233,0.0,-1.031647812561593,-3.5079704557728317,0.0
6.381758979755245,3.9414631357518566,-0.7581770829223038,0.0,-0.9131323655257831,-3.5500303621483003,0.0
6.3450015537118265,3.9728422859615864,-0.6269820749479008,0.0,-0.7939611991719069,-3.587722262501287,0.0
6.308616071460438,3.9995614140371347,-0.4958227085410416,0.0,-0.6744661290461171,-3.6210452234811847,0.0
6.272627696716915,4.0216869264024435,-0.3649735068052298,0.0,-0.554911074280678,-3.650041452762495,0.0
6.237066603441255,4.039301633600217,-0.23472275238239415,0.0,-0.4355737311506364,-3.674768000344407,0.0
6.2019551305759375,4.052511225199443,-0.10532434393829895,0.0,-0.3167014159040784,-3.6953058649262642,0.0
6.167336544414815,4.061433225377233,0.022897412591148032,0.0,-0.19860726028731926,-3.711743034979318,0.0
6.133228342559828,4.06621230981601,0.14972132473070715,0.0,-0.08151058932337345,-3.7241997740470554,0.0
6.0993259144399845,4.066993939910588,0.276138253479541,0.0,0.0354918200295817,-3.7328734715438276,0.0
6.065676628411543,4.0638388580471,0.4018399956532599,0.0,0.15210646709468267,-3.7378005125360696,0.0
6.031964774148953,4.056736439749245,0.5278794387883639,0.0,0.26930520402143127,-3.7390358077794983,0.0
5.998202477063437,4.0456589950928095,0.654086299493059,0.0,0.3869284165266774,-3.736541526886957,0.0
5.9643089719885,4.0305415559148345,0.7806351374493072,0.0,0.5051382764302513,-3.730266538594726,0.0
5.930266098652453,4.011323949219933,0.9074627778046046,0.0,0.6238763661751823,-3.7201493930056997,0.0
5.896046842878371,3.9879347805843457,1.034534525032511,0.0,0.7431112640421715,-3.7061199739070996,0.0
5.861655404474675,3.9603208318595224,1.1616949734900306,0.0,0.862698416175902,-3.6881177963771568,0.0
5.827043597028195,3.9283837632206264,1.2889769443337469,0.0,0.9826704160905124,-3.666051842576762,0.0
5.7922456774591184,3.8920975897472423,1.416104138038063,0.0,1.1027686753478934,-3.639879898513038,0.0
5.757219587581974,3.851364279117019,1.5430747900700301,0.0,1.2229934203366537,-3.6095093023591893,0.0
5.721981611140966,3.8061490544437797,1.669668631629903,0.0,1.343138253512879,-3.574893343461319,0.0
5.686525128300893,3.756396860350718,1.7957438480831334,0.0,1.4630706198216727,-3.5359712899193982,0.0
5.650840301095143,3.702050088309631,1.9211642026032518,0.0,1.5826631451706707,-3.492680501623893,0.0
5.6149512974319356,3.6431103386507036,2.045669891148735,0.0,1.7016701587968495,-3.4450064776430285,0.0
5.578843755731301,3.5795269033038144,2.169132236056931,0.0,1.8199706293613591,-3.3928938641447086,0.0
5.542528302913426,3.511297316403846,2.291332128225338,0.0,1.9373566540764562,-3.3363272155962362,0.0
5.505997229191241,3.4383933484392224,2.4121091165366297,0.0,2.053676164615994,-3.2752706852430573,0.0
5.469263231851593,3.360834654152881,2.531231737005824,0.0,2.168708310095642,-3.209729228905902,0.0
5.432336740307276,3.278649005922761,2.6484757421019722,0.0,2.2822384097184796,-3.139716078644123,0.0
5.395202379526548,3.19181475736392,2.7636962251286668,0.0,2.394128183032882,-3.0652031086372333,0.0
5.357891701387797,3.100428847692714,2.8766009770708245,0.0,2.5040958217081277,-2.986264771611996,0.0
5.320408978240517,3.004538848659189,2.9869850699333877,0.0,2.6119433517214454,-2.902934707708906,0.0
5.2827620850613295,2.904212023289291,3.0946336430348445,0.0,2.717462472660626,-2.815264655252908,0.0
5.244961348234596,2.7995340168591074,3.199327194855725,0.0,2.820439581461633,-2.723323545622246,0.0
5.207032844006282,2.690648883072838,3.300808485370279,0.0,2.920622897429458,-2.6272330802933523,0.0
5.168986349824826,2.577669865162633,3.3988721784627254,0.0,3.0178106454454587,-2.527089383778987,0.0
5.130855283413645,2.4607953057471064,3.4932609676336566,0.0,3.111748328904913,-2.4230655322376435,0.0
5.092666579082661,2.340222609397359,3.583748774226381,0.0,3.20221074761181,-2.315335789460032,0.0
5.054439677059964,2.216140923012064,3.6701409136389573,0.0,3.2890025448945694,-2.2040687229587967,0.0
5.016215107743313,2.088823343801553,3.752211301853257,0.0,3.371895066909455,-2.0895099484044324,0.0
4.978030491582445,1.9585515466496075,3.829763091840013,0.0,3.4506867720116396,-1.9719149946737016,0.0
4.939917721063511,1.8256029338275959,3.902633577647183,0.0,3.525208473834921,-1.851537504165246,0.0
4.90191285760964,1.6902823792620818,3.9706747520805075,0.0,3.5953036711399435,-1.7286578176730991,0.0
4.864059441612862,1.5529340438742265,4.033751487963314,0.0,3.6608263368736487,-1.603593900911743,0.0
4.826397705622108,1.4139015771265921,4.091763022508025,0.0,3.7216629562238435,-1.4766652432086222,0.0
4.788960475033415,1.2735093614544253,4.144647099205191,0.0,3.777737305171457,-1.3481754776543644,0.0
4.751774749263456,1.1320644408508345,4.192373697254243,0.0,3.8290044918606014,-1.2184137906963737,0.0
4.714878273575879,0.9899175082275337,4.234923369987973,0.0,3.8754278529976434,-1.0877107704131677,0.0
4.678301641228065,0.8473934430628377,4.272311378178931,0.0,3.917004803157763,-0.9563746782626448,0.0
4.6420693440587,0.7047920685120475,4.304581972942469,0.0,3.9537614295201418,-0.8246918053096901,0.0
4.6062200179020545,0.5624661773281602,4.33179000450849,0.0,3.9857316980778545,-0.6929984461028829,0.0
4.570770727237349,0.4206787909923569,4.354029795995508,0.0,4.012991019443647,-0.5615488690523102,0.0
4.535765127943226,0.27979315245254927,4.371399619695381,0.0,4.035614327776895,-0.4306911198901038,0.0
4.501200772322866,0.13997959491112216,4.384040175642511,0.0,4.053725357058255,-0.3005948466503643,0.0
4.467131852004115,0.0016283274311021134,4.392086215664918,0.0,4.067432730476235,-0.17163480153154279,0.0
4.433585183286216,-0.134990250930392,4.395705809369685,0.0,4.076882036463672,-0.04407516810073589,0.0
4.400318963649252,-0.2707132469044271,4.39506179927246,0.0,4.082262992460298,0.08285584790362038,0.0
4.367235448661108,-0.4058028042334923,4.39022809684094,0.0,4.083656059601098,0.20939694641327475,0.0
4.334023338341645,-0.5413977568446455,4.381161369314525,0.0,4.08106968317633,0.3366122214167753,0.0
4.300730077114508,-0.6771710072674433,4.367830614605425,0.0,4.074459348139297,0.46419447798245767,0.0
4.2672573418329955,-0.8133864667450652,4.350146813628032,0.0,4.063751849542993,0.5923917902466296,0.0
4.233621331904174,-0.9498364092531102,4.328057264121136,0.0,4.048887572904582,0.7210094184413822,0.0
4.199771127752211,-1.086580370109581,4.301464844089249,0.0,4.029776774935845,0.8501044847296728,0.0
4.1657018170945825,-1.2234848517404229,4.270295699533498,0.0,4.0063432707765045,0.9795523992411912,0.0
4.131412925725334,-1.3603929889391497,4.234483088752802,0.0,3.978516655925419,1.1092062718366493,0.0
4.096889465229268,-1.497199930781736,4.193947079164913,0.0,3.946216437807507,1.2389683247758634,0.0
4.062127961352783,-1.6337484981550743,4.148621072551509,0.0,3.909372522337296,1.3686911103003012,0.0
4.027107070465762,-1.7699446558881178,4.098415584711713,0.0,3.867896059549636,1.4982871150828034,0.0
3.991871987499684,-1.9054307718884909,4.043344427046482,0.0,3.821784382233186,1.6274176182690887,0.0
3.956376369090061,-2.040197770770367,3.983290374099697,0.0,3.770926381418264,1.756075540291202,0.0
3.920654643936342,-2.1739218035594035,3.918271312672271,0.0,3.7153249841355747,1.8839533829490933,0.0
3.8846915363643713,-2.306463496214355,3.8482298765167164,0.0,3.6549202099430524,2.01091936310634,0.0
3.848505840949763,-2.437552875258463,3.7731811871551346,0.0,3.589715021812076,2.1367163448653166,0.0
3.8120907414537846,-2.5670108500348667,3.69309963892961,0.0,3.519678013609216,2.261173864124023,0.0
3.775467521449844,-2.694555760416103,3.608031274127711,0.0,3.44484117477334,2.384022441931895,0.0
3.7386264019697553,-2.820013604637338,3.5179630215655706,0.0,3.3651854837485473,2.5050957305192765,0.0
3.7015868663367515,-2.9431083273846372,3.422962402606755,0.0,3.2807638024908443,2.624128546891503,0.0
3.664364692615181,-3.0635799313590844,3.323104748676929,0.0,3.1916372421560824,2.7408704368400842,0.0
3.6269607853069643,-3.181218583453999,3.218438999915478,0.0,3.0978443236353663,2.8551189606863545,0.0
3.5894100224137278,-3.2957118551464273,3.109124129510474,0.0,2.999523252126022,2.9665713409131707,0.0
3.5517172369351466,-3.4068480284264937,2.995250879640844,0.0,2.8967522941884365,3.07502184223482,0.0
3.5139077407485058,-3.51436095644331,2.876985693282981,0.0,2.789679036063816,3.1802109267523466,0.0
3.4760116460876302,-3.6179840154906486,2.7545296079412376,0.0,2.6784838679379974,3.281877448667937,0.0
3.43806117581869,-3.7174611568048377,2.6281106616777685,0.0,2.5633732681402526,3.3797693502328925,0.0
3.400082927903951,-3.8125685757936583,2.4979568509340546,0.0,2.444555176024409,3.4736650055145146,0.0
3.3621127429820286,-3.9030782247041182,2.3643452040893544,0.0,2.322283742098014,3.5633372613438055,0.0
3.3241801606793024,-3.9887989318283523,2.2275477460243414,0.0,2.196810041596479,3.6485939938300063,0.0
3.286324067849763,-4.06954132740218,2.0878855306683626,0.0,2.0684315547435266,3.7292433207410003,0.0
3.2485918385056554,-4.145126635875249,1.9457273190998976,0.0,1.937491247149251,3.8051019756197104,0.0
3.2110026190506664,-4.21545964944334,1.8013481509869957,0.0,1.8042471752677685,3.8760687100855646,0.0
3.173602083756525,-4.280419291450126,1.6551332446134224,0.0,1.6690602193039836,3.942014550054175,0.0
3.136410773740686,-4.3399562223331065,1.507378002485556,0.0,1.5322094881348831,4.002881290450057,0.0
3.0994769666370394,-4.394002329732195,1.358492937970459,0.0,1.3940817728404753,4.058589596514832,0.0
3.062807050951243,-4.442577437904644,1.2087232177880445,0.0,1.2549115107970938,4.109148593486673,0.0
3.0264445081698654,-4.48567206857093,1.0584645050936081,0.0,1.1150736749264307,4.154535254230648,0.0
2.9904050891719116,-4.523336325348435,0.9079979085171556,0.0,0.9748375641810588,4.194786644728493,0.0
2.9547216077173046,-4.555622755868101,0.757672125944499,0.0,0.8345360994048651,4.229940276656662,0.0
2.919415669782408,-4.5826174589313835,0.6077845946624707,0.0,0.6944550778577923,4.26006718880526,0.0
2.8845014724377247,-4.604429526960596,0.45859458342195686,0.0,0.5548450845319606,4.285261548569412,0.0
2.8500133095583515,-4.621173764894035,0.3104397264858677,0.0,0.4160305119945386,4.305620739591192,0.0
2.8159847739796855,-4.632989618431928,0.1636470110116261,0.0,0.2783264476579475,4.3212659976987435,0.0
2.782426347034299,-4.640042869739866,0.018434083725099523,0.0,0.14194584817107325,4.332347002854258,0.0
2.749380723634502,-4.642508535143304,-0.12485286636717219,0.0,0.007222741850094784,4.339018460253332,0.0
2.716691331565753,-4.6405623031154235,-0.2667439635885118,0.0,-0.12633343656642465,4.341462350923401,0.0
2.6840124258046836,-4.634250056368924,-0.408601724568373,0.0,-0.26000078077515876,4.33976279463973,0.0
2.65124772947121,-4.623535165573316,-0.550707969780589,0.0,-0.39404336860655775,4.333893029879774,0.0
2.618355651846818,-4.608362508761134,-0.6931042833330402,0.0,-0.5284998085269078,4.323801549423832,0.0
2.5852500710632365,-4.588629298446226,-0.836019565175272,0.0,-0.6635863870717386,4.3093973413056075,0.0
2.551951714388199,-4.564275892125584,-0.9792146610032187,0.0,-0.7990775595716717,4.290616244097194,0.0
2.5184022201418825,-4.535184434345936,-1.1227845383154178,0.0,-0.9350638713786613,4.267349023327964,0.0
2.484618136462694,-4.501290321790343,-1.2664954290812434,0.0,-1.0713247961710186,4.239527110947174,0.0
2.4505701588789917,-4.4624876341915165,-1.410302450390235,0.0,-1.2078186958984303,4.207048515598011,0.0
2.4162552733488627,-4.418695190869311,-1.5540411167549497,0.0,-1.3443905194395123,4.1698311903231255,0.0
2.381665207981531,-4.369828143341372,-1.6975617960536138,0.0,-1.4808991885875553,4.127790144849586,0.0
2.346819358321407,-4.315848041678439,-1.8405940784758055,0.0,-1.6170884878699445,4.080880870284191,0.0
2.3117140551565996,-4.256693131194164,-1.9829580751307838,0.0,-1.7527879847664491,4.029039577592619,0.0
2.2763458877405616,-4.192307104273316,-2.1244663370396344,0.0,-1.8878198738189804,3.9722075263231575,0.0
2.2407180582550237,-4.1226525446582425,-2.264899085207728,0.0,-2.021975286126467,3.910343042115001,0.0
2.2048240721776584,-4.047680614619309,-2.40406913918452,0.0,-2.155076270851936,3.8433947151844583,0.0
2.1686858749827027,-3.9674122426401044,-2.5416749865112003,0.0,-2.2868352285088895,3.7713740181917577,0.0
2.132312584086212,-3.881857392671988,-2.6774641245975928,0.0,-2.4170109597331066,3.694283624752293,0.0
2.0956954327749706,-3.7909939784337454,-2.811247445581351,0.0,-2.54542276748671,3.6120978397011783,0.0
2.058875450020843,-3.694937562838442,-2.9426536366128624,0.0,-2.6717146622298333,3.5249162214304466,0.0
2.02184328316043,-3.593692702354303,-3.0714959029955344,0.0,-2.7957073667369556,3.4327386923612186,0.0
1.9846238294456156,-3.487368541147085,-3.1974675868116367,0.0,-2.917105965187548,3.335660930617484,0.0
1.9472410284246744,-3.3760927487853243,-3.3202733790847656,0.0,-3.0356258012607817,3.2337966548926182,0.0
1.9097021905111495,-3.2599610803527845,-3.439679384809396,0.0,-3.15104093540364,3.1272312792702093,0.0
1.8720499334215455,-3.139196927248031,-3.5553487284869556,0.0,-3.2630252768204,3.0161683026252075,0.0
1.8342975260752306,-3.013952338983658,-3.6670502038364,0.0,-3.3713541979277455,2.9007468285574256,0.0
1.7964819846963624,-2.8844757071421507,-3.7744952562469942,0.0,-3.4757467948542926,2.7811956935103384,0.0
1.7586386230144597,-2.7510321276492684,-3.877421184749534,0.0,-3.5759463135171146,2.657760406865498,0.0
1.7207858022194291,-2.61384495662278,-3.975630401416256,0.0,-3.6717585575949623,2.5306489038226823,0.0
1.6829814044378504,-2.4732988745091817,-4.068845362888144,0.0,-3.762910380563699,2.400219680577359,0.0
1.645243370293402,-2.3296500472803165,-4.156915927386887,0.0,-3.8492520127219665,2.266713213551643,0.0
1.6076153939674167,-2.183265042085731,-4.239654058104781,0.0,-3.930595661595261,2.130473458639218,0.0
1.5701258581067714,-2.0344649258407066,-4.316934050069414,0.0,-4.0068136398162215,1.9918030572643195,0.0
1.5328112085500682,-1.8836125901119483,-4.388639520826261,0.0,-4.077786400501564,1.8510444801035604,0.0
1.4957015419442745,-1.731053866219324,-4.4546942876415025,0.0,-4.143432996454397,1.7085251296408788,0.0
1.4588271448414936,-1.5771408277471426,-4.515048028648088,0.0,-4.20369703832924,1.564578968236041,0.0
1.422202056498216,-1.4221599021077806,-4.569699929219557,0.0,-4.258570542699275,1.4194791415352574,0.0
1.3858638434295614,-1.2664972621070787,-4.618636178104702,0.0,-4.308031412758512,1.2735926940575668,0.0
1.3498159000531667,-1.1103918609104937,-4.661911978906622,0.0,-4.352126064836563,1.1271492012548683,0.0
1.3140944976568991,-0.954220954725668,-4.699560485028308,0.0,-4.390877470894506,0.9805083046317361,0.0
1.2787426515328941,-0.7983895937474562,-4.731638239483704,0.0,-4.424330435859238,0.8340563765942005,0.0
1.2437468753318708,-0.6430478995052333,-4.758273039983224,0.0,-4.452602477295871,0.6879405444137163,0.0
1.2091622283597334,-0.48864188492936905,-4.77955421849722,0.0,-4.475769060043462,0.5425864209688779,0.0
1.174986840266474,-0.3353564305562462,-4.795631632920472,0.0,-4.493968280808583,0.39817422834382854,0.0
1.1412501369779757,-0.1835064441475902,-4.806651211654379,0.0,-4.507332156180504,0.2550067684566118,0.0
1.1079869160184515,-0.033421298036314016,-4.81277945675747,0.0,-4.5160121076676285,0.11340080855596645,0.0
1.0752276155067724,0.1146002805334793,-4.81420584159823,0.0,-4.520182094508632,-0.026355488943430417,0.0
1.042874098531059,0.260853003152081,-4.811118092639578,0.0,-4.520025799991755,-0.16453457581774505,0.0
1.0103788101607922,0.4076720515487114,-4.8035161118120975,0.0,-4.515587165367993,-0.3033398077487527,0.0
0.977824233751177,0.554544322213158,-4.791378870240279,0.0,-4.506836146311375,-0.44228513974984623,0.0
0.9450779645313618,0.7019230285947926,-4.774610539864624,0.0,-4.493689986522895,-0.5817985396647504,0.0
0.912142531294123,0.8496467343565951,-4.753143186275655,0.0,-4.476080828477251,-0.7217268851435107,0.0
0.8789812674985286,0.997724024139933,-4.726881016263732,0.0,-4.453917609009035,-0.8620780876541064,0.0
0.8455552248798476,1.1461650451497707,-4.6957101115808335,0.0,-4.427092116611876,-1.0028617874121593,0.0
0.8118579742195552,1.2948265612053864,-4.659536824407737,0.0,-4.3955125693574395,-1.143942277185666,0.0
0.7778730151703231,1.4436017502651686,-4.618256280609173,0.0,-4.3590772715688635,-1.2852183499204097,0.0
0.7436233764923691,1.592203736510459,-4.571816413857528,0.0,-4.3177314097524615,-1.4264176730646114,0.0
0.7090809326479293,1.7405613763775727,-4.520104139223396,0.0,-4.271366317472597,-1.5674726929656013,0.0
0.6742524601152698,1.8884442366279914,-4.463056729828629,0.0,-4.219918286728949,-1.7081643939629279,0.0
0.6391672148830778,2.035522896800148,-4.400663872193963,0.0,-4.16337167294839,-1.8481792639564045,0.0
0.6037890641135638,2.1817368052082466,-4.33280909531117,0.0,-4.101615074321332,-1.9874595315471177,0.0
0.5681528517552635,2.3267239168539193,-4.259514604139462,0.0,-4.034663357204879,-2.1256601610484784,0.0
0.5322374767222671,2.470347572564186,-4.180703555211707,0.0,-3.9624415785685585,-2.2626506466470326,0.0
0.4960800680723521,2.612233339033235,-4.09643592216198,0.0,-3.8850005068354423,-2.3980735213790276,0.0
0.45967098909110093,2.7521914829895873,-4.0066823589042295,0.0,-3.8023095902839876,-2.5317472476985547,0.0
0.42301982579904107,2.8899535540096104,-3.9114688658039065,0.0,-3.714389534562988,-2.663414975649489,0.0
0.3861598277170961,3.025165078828235,-3.810902195509235,0.0,-3.621336311560702,-2.7927372996302027,0.0
0.3490970606534187,3.157577170636812,-3.7050365311345024,0.0,-3.523198024225797,-2.919475421745736,0.0
0.31184572040959335,3.28691378871312,-3.5939635192438004,0.0,-3.4200579949713212,-3.043364322979559,0.0
0.27444048372427066,3.412835910935132,-3.4778563242094083,0.0,-3.3120759517597675,-3.1640782980536524,0.0
0.236900088509369,3.5350706872204496,-3.3568618881116845,0.0,-3.1993880418272886,-3.281354653166328,0.0
0.19926243977048502,3.653295908860329,-3.231209979924246,0.0,-3.082208286486977,-3.3948829503092277,0.0
0.1615499299184231,3.7672555613190517,-3.1011015295407742,0.0,-2.960724616876972,-3.504415865855703,0.0
0.12378890023074621,3.876696882478067,-2.966769171413312,0.0,-2.8351552149418118,-3.609708846068529,0.0
0.08602716650573032,3.981326733740401,-2.8285432381723563,0.0,-2.7058103597815824,-3.710478019336747,0.0
0.04829059890910102,4.0809388843246355,-2.6866954864986266,0.0,-2.5729463253710643,-3.806522682331559,0.0
0.010613729879147743,4.175326374280157,-2.5415459274526215,0.0,-2.4368652085689217,-3.8976410169888314,0.0
0.0,4.200984237705798,-2.5000455161797466,0.0,-2.397935975502212,-3.92243110182536,0.0
